7238	1
6638	2
8020	3
3871	4
995	5
1031	6
9318	7
6598	8
3255	9
5288	10
3780	11
5678	12
5700	13
7052	14
815	15
4251	16
3924	17
6174	18
9308	19
744	20
4278	21
5899	22
6089	23
2540	24
6217	25
1210	26
2956	27
4907	28
1899	29
7410	30
5274	31
6313	32
677	33
6862	34
1570	35
9281	36
2772	37
334	38
7196	39
2983	40
7959	41
7577	42
9214	43
1160	44
4167	45
9494	46
1376	47
232	48
7318	49
6385	50
7841	51
2466	52
2092	53
3353	54
9036	55
7279	56
1226	57
7936	58
3325	59
1841	60
6913	61
6548	62
2881	63
188	64
790	65
7826	66
7025	67
3237	68
715	69
3426	70
8184	71
234	72
1923	73
5911	74
1357	75
132	76
6968	77
1279	78
2686	79
2537	80
4689	81
3685	82
821	83
8008	84
9181	85
5020	86
3736	87
37	88
3285	89
9532	90
4702	91
3267	92
1949	93
1343	94
205	95
9604	96
5915	97
6444	98
7084	99
1650	100
804	101
3093	102
3462	103
72	104
1965	105
4699	106
329	107
8065	108
8233	109
1076	110
3493	111
1032	112
5614	113
1209	114
6345	115
4062	116
5055	117
6259	118
3710	119
3506	120
2489	121
9516	122
4557	123
6840	124
1805	125
8386	126
1733	127
2738	128
9045	129
8564	130
12	131
6749	132
5977	133
6815	134
3831	135
5708	136
6462	137
7228	138
4609	139
4129	140
583	141
1885	142
425	143
8259	144
1332	145
8342	146
3769	147
5922	148
113	149
4727	150
2367	151
7456	152
2690	153
3157	154
4433	155
419	156
908	157
953	158
3787	159
6210	160
584	161
7859	162
3502	163
3959	164
44	165
590	166
8955	167
4081	168
8015	169
4370	170
222	171
4982	172
2941	173
6287	174
5796	175
336	176
6383	177
1035	178
8828	179
4794	180
988	181
7254	182
7179	183
3746	184
3463	185
4565	186
5249	187
7827	188
7528	189
2694	190
3363	191
1953	192
987	193
1219	194
8036	195
1204	196
8107	197
245	198
7126	199
5628	200
3182	201
8820	202
9625	203
7034	204
5356	205
1027	206
5322	207
180	208
9354	209
2439	210
6051	211
6871	212
3058	213
3899	214
9005	215
6255	216
5534	217
2662	218
5228	219
3534	220
3181	221
889	222
241	223
1422	224
3137	225
7695	226
2701	227
517	228
4946	229
549	230
2167	231
8151	232
2406	233
5698	234
8369	235
1720	236
8143	237
3189	238
1829	239
823	240
4992	241
3657	242
5172	243
2035	244
1248	245
3616	246
9525	247
114	248
8311	249
7088	250
2887	251
1435	252
3702	253
3313	254
6897	255
5276	256
4724	257
9051	258
1882	259
3795	260
101	261
8529	262
2744	263
7948	264
625	265
8849	266
1374	267
7829	268
2045	269
8332	270
951	271
4455	272
9135	273
7849	274
750	275
7523	276
6480	277
6338	278
2499	279
613	280
6764	281
5443	282
3197	283
1128	284
150	285
7095	286
9240	287
5025	288
7666	289
9190	290
6098	291
8374	292
1295	293
8945	294
5715	295
6062	296
73	297
6864	298
1853	299
1092	300
183	301
1613	302
4408	303
1178	304
8984	305
5589	306
8692	307
3496	308
8300	309
4238	310
191	311
1024	312
3752	313
7438	314
3280	315
3421	316
8622	317
8817	318
5005	319
2434	320
707	321
64	322
5354	323
7591	324
7530	325
4063	326
7895	327
5167	328
6630	329
9399	330
862	331
1202	332
1352	333
3344	334
2469	335
4726	336
3677	337
4807	338
9400	339
8762	340
3298	341
4415	342
9188	343
726	344
6730	345
1868	346
1765	347
7061	348
7332	349
4858	350
7205	351
8102	352
24	353
2852	354
9064	355
8351	356
5313	357
6681	358
9592	359
521	360
1412	361
8372	362
9250	363
2897	364
1934	365
3311	366
1807	367
4456	368
8860	369
9575	370
4971	371
9315	372
3008	373
6141	374
147	375
5671	376
5003	377
4477	378
8707	379
4034	380
7268	381
7831	382
4212	383
4448	384
1756	385
560	386
607	387
2172	388
2936	389
1759	390
1185	391
9301	392
1193	393
3842	394
2381	395
3118	396
3126	397
385	398
1664	399
7716	400
2452	401
9006	402
6823	403
7952	404
5316	405
26	406
92	407
2850	408
8688	409
3623	410
126	411
3754	412
608	413
359	414
9058	415
3477	416
2074	417
8612	418
9200	419
757	420
8130	421
4058	422
8049	423
78	424
5752	425
3840	426
6918	427
989	428
4328	429
4037	430
8760	431
1197	432
4247	433
99	434
558	435
236	436
16	437
2603	438
6088	439
9019	440
4253	441
4834	442
7754	443
6376	444
2668	445
1062	446
2436	447
9598	448
1564	449
829	450
5905	451
7999	452
5516	453
4618	454
9638	455
5207	456
751	457
7120	458
2756	459
1800	460
4967	461
8376	462
8021	463
1951	464
2303	465
9219	466
3315	467
2572	468
8568	469
2704	470
4862	471
883	472
3482	473
5160	474
2982	475
1746	476
7698	477
6372	478
1667	479
6688	480
6023	481
5578	482
1362	483
1864	484
9302	485
63	486
1418	487
7773	488
3457	489
1056	490
824	491
1626	492
6786	493
5851	494
796	495
9633	496
8423	497
1754	498
4891	499
6821	500
2579	501
4175	502
6427	503
484	504
1478	505
341	506
650	507
5475	508
396	509
8547	510
891	511
3381	512
4750	513
7237	514
5184	515
5116	516
321	517
4866	518
8390	519
4777	520
8649	521
9226	522
7298	523
4152	524
6956	525
346	526
3528	527
3249	528
5765	529
1666	530
219	531
8048	532
8037	533
7539	534
5260	535
8550	536
7427	537
6882	538
2972	539
8723	540
9317	541
2803	542
7451	543
1322	544
7075	545
5629	546
3941	547
3087	548
2546	549
8505	550
1964	551
611	552
8278	553
2829	554
7423	555
7522	556
9522	557
5266	558
6361	559
1531	560
3993	561
1959	562
6584	563
2293	564
3921	565
556	566
1814	567
4889	568
4395	569
9234	570
1168	571
4225	572
9666	573
37	574
4159	575
2145	576
7621	577
7101	578
2993	579
8657	580
8875	581
2698	582
2490	583
5675	584
6875	585
3483	586
7290	587
3770	588
938	589
9232	590
9342	591
2913	592
3243	593
5229	594
3913	595
6802	596
8779	597
4577	598
6060	599
9260	600
8698	601
506	602
9321	603
7685	604
838	605
7461	606
8617	607
4868	608
4776	609
7921	610
5573	611
7836	612
4743	613
8990	614
5317	615
8520	616
262	617
5667	618
8152	619
8182	620
2054	621
868	622
4979	623
9618	624
592	625
313	626
7140	627
922	628
1215	629
8193	630
3776	631
4010	632
3209	633
9347	634
8831	635
8727	636
319	637
3111	638
9024	639
4549	640
9322	641
5410	642
8818	643
3526	644
6104	645
917	646
7856	647
4567	648
9108	649
5541	650
7651	651
6673	652
8618	653
3867	654
1728	655
7834	656
2383	657
1427	658
3505	659
8051	660
7328	661
3843	662
2599	663
191	664
1461	665
645	666
2182	667
4890	668
8501	669
8786	670
6242	671
5365	672
5372	673
1810	674
2112	675
9173	676
5015	677
1	678
1528	679
7390	680
8567	681
2587	682
3815	683
7156	684
9282	685
9000	686
1726	687
8754	688
7514	689
6391	690
5250	691
4442	692
7430	693
4013	694
6196	695
8669	696
4758	697
7178	698
6546	699
2895	700
3783	701
325	702
5916	703
2498	704
6958	705
9155	706
3541	707
3092	708
170	709
6278	710
8672	711
4695	712
63	713
5053	714
8384	715
2518	716
5532	717
8782	718
5376	719
4615	720
35	721
2273	722
5162	723
5705	724
7671	725
2751	726
9462	727
2411	728
1050	729
708	730
4266	731
8385	732
8191	733
2659	734
4694	735
4674	736
7878	737
7648	738
4490	739
1987	740
2891	741
2555	742
2354	743
872	744
2950	745
8247	746
2594	747
1937	748
9291	749
3895	750
7730	751
1881	752
3387	753
5842	754
5487	755
3188	756
4728	757
5572	758
7748	759
8392	760
9220	761
103	762
2851	763
7882	764
6191	765
5713	766
8318	767
3460	768
3424	769
2476	770
155	771
3850	772
5660	773
9236	774
9132	775
6904	776
2244	777
4515	778
1473	779
3031	780
3007	781
7347	782
626	783
2261	784
1077	785
3650	786
7241	787
6699	788
3229	789
8982	790
7445	791
4682	792
4261	793
278	794
1970	795
7672	796
401	797
7900	798
1785	799
4951	800
1434	801
1085	802
3472	803
8266	804
6808	805
2716	806
1113	807
3441	808
9645	809
9648	810
897	811
1571	812
4779	813
4910	814
5864	815
7548	816
3222	817
5710	818
3925	819
9144	820
2025	821
6269	822
6119	823
4561	824
9613	825
4029	826
2923	827
5501	828
4338	829
4035	830
6701	831
3852	832
8292	833
7812	834
5013	835
8682	836
7340	837
1758	838
6283	839
9332	840
949	841
5556	842
6048	843
3718	844
855	845
5104	846
9239	847
9449	848
8512	849
9436	850
574	851
904	852
6173	853
6169	854
266	855
4321	856
151	857
3793	858
9569	859
7518	860
2363	861
118	862
5355	863
5631	864
6010	865
4964	866
7365	867
7260	868
741	869
1676	870
9484	871
7726	872
9202	873
2370	874
7295	875
1266	876
8537	877
9280	878
6399	879
1074	880
6695	881
9156	882
7816	883
354	884
921	885
7007	886
3950	887
3525	888
2879	889
4651	890
1697	891
5414	892
3903	893
5684	894
2930	895
1011	896
699	897
7786	898
3602	899
5001	900
635	901
3865	902
6811	903
8185	904
893	905
4028	906
9555	907
1394	908
256	909
4933	910
185	911
167	912
2607	913
339	914
1457	915
7022	916
7202	917
5810	918
6544	919
4291	920
6971	921
667	922
4558	923
7189	924
5536	925
8749	926
2202	927
959	928
4409	929
6472	930
8575	931
1198	932
9461	933
8103	934
4552	935
2876	936
965	937
6029	938
7557	939
6172	940
2	941
3402	942
280	943
6603	944
4612	945
8	946
3933	947
9179	948
2835	949
3567	950
9544	951
1526	952
5144	953
5375	954
5469	955
4714	956
1105	957
9261	958
6315	959
693	960
4500	961
9026	962
4827	963
1696	964
4668	965
7913	966
7325	967
2194	968
3713	969
920	970
9375	971
9279	972
4970	973
4118	974
7604	975
3510	976
9371	977
1622	978
8289	979
1371	980
4215	981
5613	982
3544	983
7639	984
1025	985
3147	986
2239	987
1972	988
9595	989
6230	990
4269	991
9028	992
6711	993
7981	994
3811	995
3552	996
8476	997
2448	998
6043	999
9276	1000
254	1001
5622	1002
1275	1003
6532	1004
9478	1005
7545	1006
1896	1007
9518	1008
5623	1009
7934	1010
7316	1011
177	1012
4852	1013
345	1014
8251	1015
8024	1016
452	1017
483	1018
4527	1019
5519	1020
6339	1021
4818	1022
5488	1023
8978	1024
4441	1025
5217	1026
6675	1027
2911	1028
6392	1029
7543	1030
3042	1031
5784	1032
6232	1033
4292	1034
171	1035
2519	1036
7996	1037
1125	1038
389	1039
5774	1040
2944	1041
5825	1042
2625	1043
1396	1044
6700	1045
2336	1046
67	1047
4083	1048
1549	1049
785	1050
6579	1051
4277	1052
4128	1053
8802	1054
3368	1055
417	1056
3667	1057
1452	1058
7216	1059
7951	1060
754	1061
8758	1062
5962	1063
9554	1064
1130	1065
3511	1066
9637	1067
4209	1068
3554	1069
3336	1070
3023	1071
8824	1072
5136	1073
2139	1074
349	1075
1103	1076
5876	1077
15	1078
3193	1079
2405	1080
307	1081
9023	1082
4746	1083
7775	1084
5824	1085
2842	1086
9466	1087
4296	1088
9269	1089
933	1090
5335	1091
9003	1092
446	1093
5065	1094
9278	1095
1369	1096
238	1097
4952	1098
3910	1099
1100	1100
6165	1101
1596	1102
6665	1103
5722	1104
9152	1105
8211	1106
8974	1107
4822	1108
5648	1109
967	1110
6754	1111
6409	1112
768	1113
6113	1114
4	1115
2262	1116
4532	1117
4648	1118
6074	1119
355	1120
4747	1121
9171	1122
6686	1123
7293	1124
4473	1125
6024	1126
5816	1127
7280	1128
5468	1129
3680	1130
9420	1131
5938	1132
737	1133
6529	1134
6901	1135
3997	1136
2390	1137
225	1138
2317	1139
153	1140
7297	1141
1355	1142
4220	1143
9122	1144
1924	1145
4583	1146
8186	1147
6938	1148
6381	1149
2991	1150
1234	1151
2102	1152
6432	1153
7926	1154
3789	1155
2729	1156
3590	1157
7656	1158
7078	1159
2576	1160
5647	1161
5686	1162
4782	1163
4271	1164
8040	1165
5430	1166
747	1167
1813	1168
3923	1169
662	1170
5	1171
1502	1172
253	1173
7066	1174
8195	1175
8543	1176
6540	1177
6308	1178
9345	1179
7054	1180
977	1181
4103	1182
5280	1183
5838	1184
1835	1185
7869	1186
5799	1187
5444	1188
5465	1189
8816	1190
403	1191
1409	1192
7691	1193
8918	1194
5029	1195
7733	1196
7428	1197
6330	1198
6687	1199
7585	1200
576	1201
7872	1202
4458	1203
7356	1204
816	1205
1809	1206
3926	1207
8132	1208
6437	1209
4855	1210
5417	1211
6606	1212
4163	1213
7132	1214
3868	1215
4791	1216
9118	1217
2216	1218
7317	1219
7392	1220
7845	1221
1150	1222
5548	1223
7764	1224
3436	1225
1919	1226
8931	1227
6481	1228
7252	1229
1495	1230
3568	1231
780	1232
4550	1233
7910	1234
6948	1235
1229	1236
610	1237
1481	1238
5072	1239
6467	1240
932	1241
4932	1242
257	1243
623	1244
4138	1245
4224	1246
5871	1247
1467	1248
218	1249
4885	1250
9552	1251
4817	1252
6144	1253
775	1254
2706	1255
2104	1256
6985	1257
5945	1258
276	1259
7040	1260
4345	1261
7681	1262
3879	1263
7821	1264
508	1265
4985	1266
9451	1267
392	1268
6743	1269
2313	1270
238	1271
2711	1272
8998	1273
6622	1274
34	1275
509	1276
5530	1277
7093	1278
9560	1279
3084	1280
302	1281
6731	1282
7962	1283
3459	1284
400	1285
7635	1286
3417	1287
9564	1288
6143	1289
2560	1290
5130	1291
6895	1292
3319	1293
4142	1294
5476	1295
3893	1296
3202	1297
2200	1298
3168	1299
2369	1300
9025	1301
4851	1302
6605	1303
8868	1304
1493	1305
1182	1306
9624	1307
5255	1308
7092	1309
4994	1310
2843	1311
5803	1312
2878	1313
9272	1314
4150	1315
8363	1316
77	1317
9218	1318
6853	1319
653	1320
6879	1321
5798	1322
8442	1323
2507	1324
9068	1325
344	1326
3107	1327
1151	1328
276	1329
1102	1330
3017	1331
1187	1332
5733	1333
7027	1334
1941	1335
7149	1336
9418	1337
8468	1338
3206	1339
3599	1340
7348	1341
2633	1342
5474	1343
9523	1344
685	1345
7800	1346
32	1347
550	1348
1440	1349
2732	1350
199	1351
2075	1352
9567	1353
3399	1354
1388	1355
3622	1356
115	1357
4092	1358
5169	1359
5490	1360
7363	1361
7477	1362
3089	1363
3784	1364
5819	1365
5863	1366
7326	1367
3679	1368
9597	1369
4417	1370
6343	1371
8492	1372
6633	1373
182	1374
1673	1375
6054	1376
7421	1377
1012	1378
5233	1379
2423	1380
9271	1381
7100	1382
6109	1383
42	1384
2989	1385
5960	1386
8227	1387
2294	1388
6282	1389
4022	1390
5992	1391
6288	1392
6576	1393
2093	1394
7388	1395
4397	1396
8430	1397
107	1398
9465	1399
4170	1400
3127	1401
2478	1402
1337	1403
5966	1404
7080	1405
5086	1406
8435	1407
3574	1408
5421	1409
1161	1410
2688	1411
615	1412
28	1413
3306	1414
894	1415
4194	1416
5776	1417
3026	1418
4002	1419
538	1420
8787	1421
9601	1422
2049	1423
209	1424
8268	1425
4431	1426
4340	1427
4374	1428
6724	1429
4774	1430
2	1431
6463	1432
3105	1433
1129	1434
6523	1435
5328	1436
202	1437
304	1438
8418	1439
6610	1440
4426	1441
1992	1442
6005	1443
3690	1444
5812	1445
3671	1446
424	1447
137	1448
3761	1449
1832	1450
4519	1451
23	1452
4102	1453
5524	1454
2422	1455
1167	1456
4331	1457
6539	1458
4928	1459
2796	1460
756	1461
467	1462
1464	1463
264	1464
59	1465
8799	1466
9654	1467
6929	1468
6304	1469
1264	1470
3005	1471
5621	1472
9651	1473
5967	1474
3076	1475
3931	1476
360	1477
2858	1478
1675	1479
6513	1480
4416	1481
5473	1482
940	1483
2871	1484
9266	1485
5273	1486
3102	1487
4378	1488
1761	1489
3196	1490
8061	1491
5846	1492
2604	1493
8109	1494
125	1495
3548	1496
5791	1497
4364	1498
189	1499
1267	1500
6816	1501
2988	1502
386	1503
4107	1504
4735	1505
394	1506
2606	1507
4454	1508
8159	1509
5560	1510
3839	1511
5924	1512
3658	1513
1132	1514
133	1515
4974	1516
4722	1517
1341	1518
299	1519
8412	1520
679	1521
1334	1522
8425	1523
296	1524
1527	1525
4158	1526
6547	1527
1543	1528
4649	1529
3142	1530
5549	1531
4389	1532
1980	1533
8935	1534
691	1535
9165	1536
5138	1537
8513	1538
7248	1539
9381	1540
3407	1541
4145	1542
8481	1543
5721	1544
545	1545
8983	1546
7035	1547
1273	1548
5594	1549
7041	1550
1385	1551
4756	1552
4057	1553
8256	1554
6709	1555
2397	1556
2892	1557
7673	1558
2585	1559
4579	1560
8596	1561
8763	1562
2	1563
2822	1564
5906	1565
4244	1566
1963	1567
8928	1568
6323	1569
52	1570
2276	1571
3083	1572
1653	1573
4830	1574
3836	1575
5386	1576
914	1577
9098	1578
117	1579
8636	1580
9617	1581
4206	1582
3916	1583
8444	1584
4190	1585
2718	1586
5170	1587
6670	1588
2810	1589
1416	1590
700	1591
488	1592
2399	1593
4314	1594
1214	1595
187	1596
6241	1597
4853	1598
1	1599
4436	1600
7150	1601
4222	1602
1928	1603
4318	1604
2421	1605
1363	1606
10	1607
4896	1608
4161	1609
4775	1610
9388	1611
2051	1612
4114	1613
8858	1614
4250	1615
4096	1616
221	1617
4732	1618
1	1619
7355	1620
3911	1621
3091	1622
5296	1623
6431	1624
416	1625
5672	1626
6629	1627
6193	1628
1133	1629
3172	1630
4032	1631
847	1632
1824	1633
6068	1634
1141	1635
6510	1636
8295	1637
1784	1638
1712	1639
9610	1640
1126	1641
6692	1642
3909	1643
7278	1644
7364	1645
8726	1646
6694	1647
5082	1648
8540	1649
2159	1650
8855	1651
7713	1652
8670	1653
6982	1654
7547	1655
1047	1656
2243	1657
6577	1658
5455	1659
7361	1660
301	1661
2766	1662
9407	1663
2451	1664
3200	1665
7457	1666
223	1667
358	1668
3874	1669
2046	1670
7050	1671
94	1672
2124	1673
5695	1674
3051	1675
7993	1676
209	1677
819	1678
8857	1679
6978	1680
4443	1681
9586	1682
5236	1683
9416	1684
5725	1685
4580	1686
7954	1687
5787	1688
186	1689
1472	1690
3125	1691
8580	1692
1244	1693
8757	1694
6739	1695
4626	1696
9046	1697
8628	1698
7807	1699
787	1700
1859	1701
9659	1702
6027	1703
8417	1704
3178	1705
7626	1706
1822	1707
7963	1708
993	1709
7989	1710
4476	1711
9530	1712
61	1713
8083	1714
8576	1715
7028	1716
5346	1717
7468	1718
1285	1719
4472	1720
173	1721
129	1722
3630	1723
3138	1724
8113	1725
1691	1726
9548	1727
134	1728
3985	1729
8448	1730
1468	1731
3825	1732
3741	1733
8163	1734
9189	1735
7245	1736
9602	1737
5485	1738
6852	1739
8414	1740
7972	1741
11	1742
5349	1743
145	1744
7753	1745
8833	1746
7118	1747
4642	1748
1237	1749
7875	1750
4788	1751
53	1752
8446	1753
4491	1754
1645	1755
5344	1756
4241	1757
6422	1758
9366	1759
9463	1760
3791	1761
8371	1762
3645	1763
1878	1764
1004	1765
1272	1766
6203	1767
161	1768
1399	1769
5385	1770
8815	1771
9364	1772
986	1773
8951	1774
247	1775
3859	1776
7115	1777
7519	1778
1353	1779
1466	1780
2430	1781
5402	1782
9048	1783
1846	1784
6006	1785
1474	1786
8221	1787
6342	1788
212	1789
445	1790
242	1791
9102	1792
6931	1793
2316	1794
423	1795
1314	1796
2358	1797
8700	1798
8046	1799
7416	1800
945	1801
9016	1802
6650	1803
1599	1804
7243	1805
5580	1806
4213	1807
5085	1808
4428	1809
1262	1810
3305	1811
7686	1812
8952	1813
4258	1814
1309	1815
240	1816
8601	1817
2010	1818
2114	1819
1742	1820
9546	1821
6147	1822
126	1823
5396	1824
5913	1825
6914	1826
4739	1827
6026	1828
4474	1829
1698	1830
487	1831
7217	1832
5052	1833
220	1834
9304	1835
1920	1836
2147	1837
9426	1838
8605	1839
2306	1840
6986	1841
2230	1842
2005	1843
2271	1844
4372	1845
4556	1846
924	1847
8662	1848
9124	1849
4286	1850
791	1851
2368	1852
166	1853
9452	1854
7429	1855
165	1856
178	1857
4815	1858
2410	1859
7165	1860
20	1861
5568	1862
4850	1863
3551	1864
3370	1865
6740	1866
1684	1867
8761	1868
5374	1869
1283	1870
1292	1871
5811	1872
1933	1873
6457	1874
121	1875
4203	1876
3961	1877
7012	1878
5634	1879
3392	1880
9517	1881
9120	1882
3717	1883
8439	1884
320	1885
3373	1886
4736	1887
218	1888
4875	1889
1327	1890
6464	1891
994	1892
7251	1893
1879	1894
2073	1895
1932	1896
6017	1897
1727	1898
4976	1899
1164	1900
4272	1901
2086	1902
2758	1903
6390	1904
4093	1905
50	1906
6166	1907
5330	1908
3906	1909
5841	1910
673	1911
4147	1912
7443	1913
4264	1914
9010	1915
6352	1916
3415	1917
211	1918
5213	1919
7852	1920
5600	1921
185	1922
6233	1923
8104	1924
5853	1925
3440	1926
3886	1927
4112	1928
5854	1929
1147	1930
8230	1931
9509	1932
7147	1933
2811	1934
955	1935
4622	1936
3332	1937
20	1938
5204	1939
851	1940
2429	1941
2833	1942
1190	1943
1165	1944
4755	1945
515	1946
2707	1947
3242	1948
5804	1949
3132	1950
6961	1951
969	1952
705	1953
703	1954
1601	1955
6839	1956
1855	1957
9443	1958
6975	1959
8001	1960
2333	1961
3597	1962
8600	1963
7225	1964
5432	1965
4086	1966
1458	1967
8488	1968
6201	1969
7060	1970
9438	1971
8822	1972
2699	1973
3412	1974
7342	1975
3136	1976
3162	1977
6658	1978
4968	1979
4655	1980
5574	1981
3270	1982
7783	1983
4097	1984
3000	1985
3324	1986
2373	1987
4871	1988
7107	1989
4317	1990
1331	1991
672	1992
8100	1993
3939	1994
772	1995
3675	1996
800	1997
2214	1998
6198	1999
4706	2000
4717	2001
1685	2002
5744	2003
1507	2004
7184	2005
3435	2006
8651	2007
2510	2008
6137	2009
1818	2010
9167	2011
2516	2012
1379	2013
6001	2014
476	2015
6738	2016
4595	2017
7051	2018
605	2019
8578	2020
4495	2021
5965	2022
6655	2023
2676	2024
3614	2025
2500	2026
2161	2027
408	2028
214	2029
7479	2030
5696	2031
4954	2032
1325	2033
8458	2034
9634	2035
2933	2036
5115	2037
3034	2038
8273	2039
813	2040
1990	2041
2653	2042
491	2043
1903	2044
8354	2045
9191	2046
4590	2047
4687	2048
6139	2049
6435	2050
6363	2051
59	2052
6007	2053
8903	2054
1071	2055
1489	2056
6128	2057
2353	2058
8897	2059
116	2060
4078	2061
585	2062
377	2063
4759	2064
3272	2065
6135	2066
9307	2067
8639	2068
7860	2069
8677	2070
5039	2071
4385	2072
8497	2073
702	2074
8095	2075
2867	2076
70	2077
7740	2078
8538	2079
2375	2080
5190	2081
814	2082
9524	2083
2925	2084
8542	2085
2106	2086
8616	2087
3129	2088
186	2089
1545	2090
7550	2091
3294	2092
4208	2093
6373	2094
168	2095
6805	2096
3072	2097
2160	2098
5333	2099
7947	2100
9661	2101
2328	2102
9112	2103
4494	2104
2308	2105
121	2106
5852	2107
5022	2108
402	2109
6582	2110
8972	2111
8970	2112
6940	2113
4357	2114
61	2115
1067	2116
8582	2117
4023	2118
8768	2119
1372	2120
1723	2121
529	2122
4658	2123
3384	2124
9579	2125
4800	2126
343	2127
758	2128
1738	2129
1111	2130
489	2131
6190	2132
7634	2133
3235	2134
1556	2135
5637	2136
8010	2137
6842	2138
8486	2139
4792	2140
1595	2141
8697	2142
6168	2143
810	2144
7105	2145
2602	2146
2477	2147
5862	2148
6087	2149
5118	2150
7161	2151
8837	2152
252	2153
1929	2154
1762	2155
6776	2156
2126	2157
1431	2158
7175	2159
7811	2160
7032	2161
9594	2162
395	2163
9668	2164
543	2165
1521	2166
562	2167
6470	2168
2845	2169
7327	2170
5117	2171
6930	2172
7676	2173
68	2174
5202	2175
375	2176
5061	2177
197	2178
8957	2179
9607	2180
4060	2181
3822	2182
2311	2183
5290	2184
2539	2185
5830	2186
233	2187
9192	2188
4798	2189
8284	2190
5591	2191
776	2192
4594	2193
7354	2194
724	2195
8771	2196
1578	2197
128	2198
3361	2199
4547	2200
9039	2201
4688	2202
7247	2203
7059	2204
8595	2205
792	2206
9105	2207
1651	2208
3806	2209
5989	2210
6599	2211
2299	2212
7215	2213
5821	2214
4439	2215
2176	2216
8222	2217
7903	2218
3163	2219
5502	2220
695	2221
9475	2222
3108	2223
4146	2224
6765	2225
4412	2226
2697	2227
8539	2228
9521	2229
4882	2230
2574	2231
29	2232
5409	2233
6849	2234
8963	2235
4256	2236
5866	2237
6097	2238
2193	2239
469	2240
4192	2241
1961	2242
5745	2243
8469	2244
5152	2245
1589	2246
1391	2247
231	2248
9474	2249
69	2250
3566	2251
5930	2252
6758	2253
7960	2254
8861	2255
3024	2256
5258	2257
835	2258
1530	2259
3149	2260
1241	2261
4835	2262
120	2263
299	2264
1174	2265
1078	2266
748	2267
2141	2268
2853	2269
6625	2270
8592	2271
1771	2272
3264	2273
2282	2274
1516	2275
4823	2276
3273	2277
728	2278
674	2279
8614	2280
6123	2281
1075	2282
1701	2283
5508	2284
8022	2285
1852	2286
8546	2287
6585	2288
430	2289
6369	2290
1768	2291
876	2292
5023	2293
1977	2294
1403	2295
5056	2296
1816	2297
1643	2298
8774	2299
3608	2300
2249	2301
8741	2302
1702	2303
7193	2304
7745	2305
1225	2306
7608	2307
7653	2308
8626	2309
4360	2310
507	2311
272	2312
7129	2313
6150	2314
4240	2315
8249	2316
5240	2317
2909	2318
200	2319
1441	2320
1916	2321
6988	2322
1163	2323
9411	2324
4085	2325
3870	2326
6716	2327
6704	2328
7155	2329
5284	2330
7419	2331
3869	2332
8005	2333
1087	2334
6892	2335
4913	2336
8847	2337
4352	2338
8058	2339
9568	2340
490	2341
7360	2342
8965	2343
5187	2344
2090	2345
8274	2346
6542	2347
4980	2348
9629	2349
9213	2350
3484	2351
5576	2352
187	2353
3018	2354
6791	2355
4632	2356
7805	2357
5789	2358
3274	2359
7271	2360
2749	2361
8729	2362
4733	2363
8252	2364
6082	2365
8773	2366
4514	2367
289	2368
8327	2369
5897	2370
7444	2371
2834	2372
6114	2373
88	2374
5403	2375
5540	2376
4228	2377
3308	2378
3830	2379
270	2380
4386	2381
9496	2382
366	2383
5399	2384
2441	2385
151	2386
3854	2387
288	2388
7618	2389
4492	2390
4335	2391
4330	2392
5845	2393
9616	2394
8904	2395
1348	2396
1402	2397
9265	2398
1799	2399
2041	2400
8623	2401
5191	2402
5768	2403
2165	2404
8445	2405
235	2406
8956	2407
4598	2408
7728	2409
23	2410
3683	2411
6227	2412
4311	2413
8920	2414
7945	2415
4508	2416
2435	2417
5887	2418
820	2419
1877	2420
98	2421
8969	2422
2757	2423
4893	2424
6433	2425
3284	2426
6715	2427
5127	2428
4087	2429
8752	2430
8850	2431
6228	2432
8496	2433
6056	2434
4124	2435
6251	2436
1585	2437
3254	2438
9417	2439
76	2440
2578	2441
7957	2442
4576	2443
5094	2444
7582	2445
1861	2446
7058	2447
148	2448
4878	2449
527	2450
6652	2451
4073	2452
7546	2453
3937	2454
2011	2455
4169	2456
786	2457
8890	2458
8308	2459
85	2460
2136	2461
8431	2462
7629	2463
6637	2464
7736	2465
8270	2466
100	2467
1475	2468
1687	2469
4446	2470
3817	2471
9293	2472
5237	2473
49	2474
540	2475
5084	2476
5275	2477
935	2478
3579	2479
2939	2480
5813	2481
3442	2482
7737	2483
746	2484
285	2485
4705	2486
8640	2487
6575	2488
2062	2489
4704	2490
3116	2491
3707	2492
4987	2493
1231	2494
832	2495
2018	2496
5299	2497
6340	2498
9274	2499
5456	2500
571	2501
6243	2502
7181	2503
6796	2504
661	2505
2961	2506
1640	2507
3358	2508
7385	2509
9309	2510
5175	2511
3947	2512
6612	2513
5728	2514
2021	2515
2672	2516
3041	2517
8717	2518
6384	2519
8941	2520
2110	2521
74	2522
4942	2523
1534	2524
7742	2525
5305	2526
1069	2527
1819	2528
1581	2529
4071	2530
2997	2531
118	2532
6912	2533
1471	2534
6356	2535
8428	2536
35	2537
2837	2538
5493	2539
1454	2540
1580	2541
2227	2542
8156	2543
7792	2544
8101	2545
7625	2546
6052	2547
5843	2548
108	2549
1647	2550
6066	2551
3730	2552
4931	2553
6970	2554
3726	2555
8066	2556
1893	2557
2027	2558
3834	2559
622	2560
712	2561
8238	2562
6253	2563
6537	2564
3801	2565
5764	2566
4469	2567
246	2568
6671	2569
1345	2570
7001	2571
4730	2572
1827	2573
8325	2574
8781	2575
6741	2576
239	2577
2130	2578
196	2579
142	2580
7102	2581
1221	2582
4464	2583
5529	2584
6851	2585
4526	2586
7086	2587
9578	2588
2821	2589
305	2590
7943	2591
3339	2592
5419	2593
3420	2594
7426	2595
4837	2596
7986	2597
17	2598
6964	2599
8516	2600
9290	2601
8181	2602
4197	2603
6691	2604
8018	2605
1419	2606
6132	2607
1358	2608
6667	2609
2351	2610
335	2611
9286	2612
7784	2613
5377	2614
5746	2615
179	2616
3097	2617
387	2618
1442	2619
4709	2620
6561	2621
2794	2622
6311	2623
9207	2624
3882	2625
8536	2626
4569	2627
3330	2628
9350	2629
8586	2630
5277	2631
3352	2632
5975	2633
1679	2634
3366	2635
9147	2636
2806	2637
7579	2638
7596	2639
9013	2640
8323	2641
2643	2642
5504	2643
6846	2644
4754	2645
5279	2646
3974	2647
7067	2648
5325	2649
2683	2650
221	2651
1482	2652
7500	2653
7861	2654
8299	2655
5835	2656
6477	2657
3508	2658
4497	2659
6984	2660
1079	2661
12	2662
4117	2663
3032	2664
3979	2665
9355	2666
6412	2667
2902	2668
8433	2669
783	2670
8823	2671
1037	2672
303	2673
485	2674
1539	2675
7026	2676
8071	2677
6033	2678
1648	2679
7341	2680
6996	2681
3890	2682
1479	2683
4707	2684
4383	2685
2512	2686
4511	2687
3224	2688
5694	2689
1005	2690
2825	2691
7566	2692
3788	2693
6458	2694
899	2695
3764	2696
4239	2697
947	2698
3109	2699
9258	2700
4200	2701
3170	2702
7013	2703
4751	2704
9246	2705
7277	2706
9647	2707
1656	2708
258	2709
5426	2710
6327	2711
3297	2712
8619	2713
6787	2714
2608	2715
1870	2716
5550	2717
2637	2718
6516	2719
9275	2720
4437	2721
3725	2722
99	2723
6831	2724
4684	2725
941	2726
1524	2727
7198	2728
3732	2729
9486	2730
8080	2731
7723	2732
1180	2733
2748	2734
4234	2735
704	2736
4606	2737
3152	2738
65	2739
976	2740
9092	2741
8987	2742
2951	2743
1837	2744
4734	2745
7854	2746
7422	2747
4548	2748
8986	2749
2824	2750
236	2751
6799	2752
4708	2753
4303	2754
3970	2755
3302	2756
9161	2757
5593	2758
7091	2759
4710	2760
4391	2761
2554	2762
4263	2763
3699	2764
3002	2765
6773	2766
8375	2767
458	2768
4646	2769
4309	2770
6492	2771
1338	2772
4377	2773
116	2774
8148	2775
8330	2776
7230	2777
2257	2778
2247	2779
1995	2780
1591	2781
8613	2782
2123	2783
732	2784
7384	2785
226	2786
3446	2787
3774	2788
7235	2789
2747	2790
2827	2791
1154	2792
363	2793
5571	2794
274	2795
2069	2796
9615	2797
8339	2798
6280	2799
8708	2800
7738	2801
8099	2802
3708	2803
1782	2804
4051	2805
2809	2806
6111	2807
6354	2808
7683	2809
1463	2810
7197	2811
1506	2812
318	2813
1099	2814
3583	2815
3355	2816
159	2817
8924	2818
3920	2819
6772	2820
492	2821
215	2822
9	2823
812	2824
230	2825
3838	2826
9224	2827
1874	2828
382	2829
4000	2830
983	2831
8360	2832
2428	2833
1796	2834
3572	2835
544	2836
6353	2837
3143	2838
305	2839
6869	2840
8604	2841
1921	2842
8646	2843
3228	2844
5829	2845
2767	2846
8498	2847
9061	2848
5947	2849
2009	2850
4284	2851
1798	2852
9095	2853
6375	2854
1948	2855
2798	2856
5212	2857
3130	2858
7704	2859
3390	2860
4601	2861
62	2862
3259	2863
5319	2864
6008	2865
1649	2866
253	2867
7139	2868
3020	2869
5748	2870
3322	2871
2728	2872
4955	2873
769	2874
9628	2875
9432	2876
8214	2877
1721	2878
3405	2879
8000	2880
1155	2881
5195	2882
36	2883
2468	2884
3930	2885
4481	2886
3121	2887
902	2888
8112	2889
2374	2890
5425	2891
1641	2892
3205	2893
8003	2894
1550	2895
4178	2896
5234	2897
4294	2898
1432	2899
3957	2900
7192	2901
7487	2902
4922	2903
8007	2904
2037	2905
1845	2906
4611	2907
3364	2908
2970	2909
58	2910
7970	2911
8908	2912
2813	2913
9101	2914
6527	2915
5836	2916
2760	2917
7269	2918
82	2919
8589	2920
4555	2921
2264	2922
5310	2923
8052	2924
6476	2925
283	2926
72	2927
3586	2928
1718	2929
8680	2930
4187	2931
4624	2932
1778	2933
7942	2934
2326	2935
1261	2936
1760	2937
1410	2938
3971	2939
1492	2940
7463	2941
2984	2942
3371	2943
9137	2944
7531	2945
3016	2946
2736	2947
2981	2948
9142	2949
7767	2950
7508	2951
3600	2952
1184	2953
9041	2954
9141	2955
8424	2956
7832	2957
5285	2958
4524	2959
224	2960
8009	2961
7853	2962
1406	2963
96	2964
1140	2965
8644	2966
1917	2967
3301	2968
534	2969
6835	2970
3049	2971
4836	2972
8367	2973
4342	2974
9658	2975
2914	2976
5610	2977
4008	2978
5352	2979
5324	2980
5847	2981
3604	2982
5500	2983
7823	2984
1511	2985
4047	2986
6366	2987
3668	2988
8675	2989
7096	2990
4470	2991
1991	2992
4105	2993
882	2994
537	2995
6406	2996
7501	2997
3942	2998
5503	2999
4171	3000
5873	3001
1455	3002
2969	3003
5387	3004
3488	3005
8473	3006
3733	3007
2087	3008
294	3009
1456	3010
8440	3011
7677	3012
4121	3013
2407	3014
3413	3015
1619	3016
557	3017
5984	3018
2906	3019
3079	3020
6095	3021
3376	3022
4050	3023
158	3024
1278	3025
280	3026
7556	3027
9482	3028
4849	3029
643	3030
9047	3031
4802	3032
81	3033
860	3034
1732	3035
2615	3036
5193	3037
4768	3038
5879	3039
7246	3040
6149	3041
5351	3042
8738	3043
4053	3044
1054	3045
6553	3046
1894	3047
4681	3048
3666	3049
2457	3050
7046	3051
286	3052
9044	3053
4144	3054
193	3055
3518	3056
6832	3057
1220	3058
7259	3059
8088	3060
7837	3061
7774	3062
7535	3063
7440	3064
9505	3065
5252	3066
2116	3067
8821	3068
4499	3069
1779	3070
8926	3071
5505	3072
7154	3073
736	3074
5711	3075
5885	3076
283	3077
7323	3078
4784	3079
553	3080
421	3081
4625	3082
8689	3083
246	3084
7371	3085
439	3086
5440	3087
8971	3088
3535	3089
8859	3090
2	3091
6155	3092
3813	3093
143	3094
5185	3095
7480	3096
2514	3097
7533	3098
4716	3099
8165	3100
2839	3101
7187	3102
1904	3103
3983	3104
770	3105
8119	3106
943	3107
4080	3108
3919	3109
5912	3110
1417	3111
6445	3112
4468	3113
3656	3114
8404	3115
6314	3116
4116	3117
7674	3118
4301	3119
1496	3120
2331	3121
8973	3122
8176	3123
745	3124
4045	3125
7790	3126
4672	3127
2100	3128
3239	3129
6939	3130
4165	3131
4126	3132
8110	3133
3177	3134
8002	3135
8848	3136
2934	3137
3437	3138
8396	3139
9067	3140
180	3141
5716	3142
282	3143
1335	3144
4004	3145
2201	3146
8780	3147
1169	3148
9431	3149
7526	3150
9235	3151
2474	3152
6910	3153
2083	3154
857	3155
1384	3156
654	3157
9652	3158
980	3159
2065	3160
9536	3161
1532	3162
901	3163
8117	3164
4843	3165
1	3166
132	3167
8911	3168
5068	3169
1287	3170
6642	3171
2270	3172
1776	3173
7693	3174
760	3175
3986	3176
8212	3177
8638	3178
9665	3179
5839	3180
5128	3181
7664	3182
1096	3183
3375	3184
5545	3185
8449	3186
5323	3187
503	3188
8394	3189
3487	3190
6744	3191
1608	3192
3429	3193
4181	3194
7166	3195
4703	3196
7798	3197
8625	3198
2173	3199
4975	3200
4306	3201
9186	3202
6495	3203
2472	3204
9035	3205
8280	3206
140	3207
4961	3208
1764	3209
8846	3210
3536	3211
5241	3212
7112	3213
5988	3214
81	3215
4634	3216
5559	3217
7062	3218
7493	3219
7446	3220
6064	3221
4628	3222
9159	3223
5995	3224
7983	3225
9	3226
4471	3227
8930	3228
2395	3229
6526	3230
1716	3231
8395	3232
9100	3233
6305	3234
5832	3235
6705	3236
2582	3237
2366	3238
6454	3239
5598	3240
89	3241
7170	3242
8572	3243
1433	3244
5783	3245
6289	3246
2669	3247
3123	3248
451	3249
6096	3250
4510	3251
4916	3252
1985	3253
3740	3254
269	3255
40	3256
5800	3257
3349	3258
2148	3259
930	3260
1469	3261
103	3262
7592	3263
2189	3264
6031	3265
7809	3266
5435	3267
1508	3268
7320	3269
9184	3270
5189	3271
8879	3272
5164	3273
2630	3274
427	3275
1250	3276
7715	3277
6865	3278
717	3279
4812	3280
7779	3281
7257	3282
7797	3283
5439	3284
9075	3285
7706	3286
281	3287
1962	3288
1830	3289
3785	3290
2635	3291
6035	3292
8991	3293
7476	3294
5562	3295
316	3296
3922	3297
666	3298
4939	3299
3021	3300
6899	3301
3233	3302
2156	3303
4221	3304
2884	3305
7338	3306
2263	3307
3334	3308
2814	3309
1960	3310
9027	3311
6306	3312
90	3313
8123	3314
8650	3315
7381	3316
4134	3317
1392	3318
1774	3319
6107	3320
3987	3321
2896	3322
4831	3323
286	3324
7889	3325
7873	3326
7011	3327
2623	3328
265	3329
3991	3330
1847	3331
1395	3332
4478	3333
6946	3334
2929	3335
5509	3336
9526	3337
4217	3338
2787	3339
1205	3340
4659	3341
2089	3342
5998	3343
6365	3344
8206	3345
2438	3346
4113	3347
2415	3348
3851	3349
9114	3350
559	3351
7304	3352
7891	3353
630	3354
1139	3355
7517	3356
6206	3357
5692	3358
2491	3359
8321	3360
4691	3361
579	3362
9268	3363
7689	3364
632	3365
5979	3366
3179	3367
6277	3368
252	3369
2940	3370
4981	3371
481	3372
1149	3373
8810	3374
2779	3375
9014	3376
7510	3377
3073	3378
2007	3379
805	3380
6211	3381
669	3382
1171	3383
2269	3384
2586	3385
5371	3386
1709	3387
4090	3388
8365	3389
5956	3390
6219	3391
3744	3392
6502	3393
9435	3394
3258	3395
7208	3396
6133	3397
7919	3398
9585	3399
6870	3400
2461	3401
1588	3402
8872	3403
5315	3404
2393	3405
8023	3406
4517	3407
9150	3408
4973	3409
4110	3410
9352	3411
8565	3412
505	3413
4354	3414
6959	3415
5447	3416
723	3417
87	3418
7033	3419
49	3420
69	3421
7281	3422
2341	3423
2321	3424
5511	3425
4660	3426
3964	3427
448	3428
267	3429
7472	3430
8441	3431
999	3432
3456	3433
8485	3434
7864	3435
6729	3436
7549	3437
6303	3438
4629	3439
4829	3440
8397	3441
7383	3442
6534	3443
18	3444
1088	3445
1644	3446
6987	3447
1142	3448
3103	3449
1282	3450
6394	3451
4895	3452
4653	3453
9611	3454
4984	3455
3082	3456
3756	3457
3112	3458
7465	3459
2695	3460
5758	3461
2793	3462
9510	3463
3029	3464
5870	3465
8874	3466
3146	3467
1114	3468
228	3469
2719	3470
1515	3471
3603	3472
2140	3473
2208	3474
7063	3475
6867	3476
4619	3477
1914	3478
1542	3479
2998	3480
374	3481
782	3482
4036	3483
8381	3484
3763	3485
954	3486
7789	3487
2597	3488
6231	3489
7307	3490
3240	3491
2912	3492
281	3493
3891	3494
7502	3495
6567	3496
1436	3497
1109	3498
898	3499
784	3500
8098	3501
5348	3502
5933	3503
535	3504
6907	3505
6076	3506
449	3507
6216	3508
8993	3509
4123	3510
3542	3511
1134	3512
2872	3513
5	3514
4127	3515
6922	3516
8087	3517
4452	3518
3739	3519
2792	3520
2999	3521
1393	3522
573	3523
9614	3524
7263	3525
6719	3526
8265	3527
5032	3528
3067	3529
2155	3530
1562	3531
9099	3532
8953	3533
1181	3534
7890	3535
55	3536
6944	3537
2790	3538
4457	3539
9043	3540
6400	3541
6460	3542
5959	3543
4898	3544
1857	3545
9206	3546
3948	3547
7956	3548
3450	3549
6736	3550
4137	3551
8925	3552
895	3553
3938	3554
115	3555
3561	3556
8645	3557
9140	3558
5620	3559
9401	3560
93	3561
6597	3562
8336	3563
6185	3564
5238	3565
277	3566
3194	3567
4295	3568
948	3569
8129	3570
8031	3571
235	3572
9323	3573
1623	3574
1610	3575
8346	3576
1116	3577
4989	3578
6091	3579
858	3580
6377	3581
6316	3582
495	3583
9596	3584
8025	3585
8896	3586
8562	3587
3809	3588
8557	3589
2319	3590
4766	3591
2508	3592
2386	3593
5690	3594
7908	3595
5757	3596
1026	3597
1256	3598
8487	3599
8121	3600
3340	3601
1682	3602
687	3603
7020	3604
8755	3605
3030	3606
2310	3607
3810	3608
4506	3609
9456	3610
8242	3611
6380	3612
463	3613
8947	3614
437	3615
5453	3616
5849	3617
8341	3618
1907	3619
5203	3620
8696	3621
7158	3622
7270	3623
7145	3624
9059	3625
8415	3626
5306	3627
927	3628
6011	3629
9339	3630
7669	3631
3771	3632
6402	3633
5781	3634
6836	3635
9146	3636
6238	3637
2134	3638
2547	3639
4846	3640
8379	3641
8451	3642
6643	3643
7386	3644
7087	3645
6348	3646
997	3647
7405	3648
8637	3649
4563	3650
4207	3651
7134	3652
3872	3653
3998	3654
3954	3655
3110	3656
4957	3657
7021	3658
2534	3659
4185	3660
8759	3661
119	3662
2043	3663
1166	3664
2963	3665
2034	3666
6252	3667
4832	3668
5895	3669
1269	3670
5497	3671
7645	3672
6626	3673
2503	3674
194	3675
7961	3676
4100	3677
6271	3678
2192	3679
8807	3680
1136	3681
4337	3682
197	3683
3208	3684
979	3685
4880	3686
5734	3687
3175	3688
7142	3689
2904	3690
3248	3691
3	3692
8331	3693
1725	3694
8105	3695
454	3696
3580	3697
2304	3698
8219	3699
4638	3700
6175	3701
3098	3702
3158	3703
9590	3704
8091	3705
2741	3706
8316	3707
6801	3708
8794	3709
2846	3710
1016	3711
5090	3712
6972	3713
6388	3714
3218	3715
2223	3716
982	3717
8074	3718
6272	3719
5702	3720
7491	3721
6254	3722
7401	3723
5676	3724
8166	3725
9543	3726
4193	3727
8836	3728
8563	3729
4904	3730
282	3731
1866	3732
8175	3733
3338	3734
5151	3735
9408	3736
4252	3737
1290	3738
2471	3739
5691	3740
8157	3741
8551	3742
8867	3743
4320	3744
2626	3745
6455	3746
2807	3747
8312	3748
6604	3749
75	3750
152	3751
7616	3752
5624	3753
3520	3754
5907	3755
7459	3756
9096	3757
2000	3758
5389	3759
328	3760
184	3761
581	3762
8739	3763
5153	3764
7967	3765
4821	3766
2548	3767
4657	3768
9248	3769
8778	3770
2883	3771
2746	3772
4132	3773
4586	3774
5262	3775
3594	3776
8745	3777
3975	3778
8629	3779
14	3780
5466	3781
582	3782
3800	3783
7415	3784
6855	3785
5584	3786
2733	3787
6617	3788
675	3789
8898	3790
19	3791
4998	3792
2131	3793
9368	3794
5406	3795
2215	3796
1966	3797
3288	3798
3654	3799
207	3800
8401	3801
1080	3802
1415	3803
9553	3804
443	3805
5896	3806
2679	3807
7289	3808
3748	3809
5997	3810
7016	3811
6479	3812
315	3813
2725	3814
8262	3815
5033	3816
1194	3817
4407	3818
7793	3819
8975	3820
4972	3821
9076	3822
4343	3823
1690	3824
566	3825
4667	3826
9501	3827
7085	3828
3068	3829
2501	3830
5380	3831
3469	3832
5329	3833
4485	3834
2557	3835
2605	3836
3866	3837
8111	3838
7031	3839
8183	3840
2097	3841
2267	3842
7137	3843
5244	3844
5878	3845
4024	3846
873	3847
7103	3848
8387	3849
2180	3850
7411	3851
660	3852
4394	3853
2968	3854
6614	3855
5438	3856
4647	3857
9217	3858
6819	3859
2003	3860
1298	3861
4720	3862
7151	3863
7019	3864
1378	3865
8409	3866
8220	3867
3655	3868
3529	3869
227	3870
4227	3871
4879	3872
275	3873
3902	3874
7646	3875
5205	3876
2592	3877
6798	3878
3056	3879
9080	3880
5987	3881
161	3882
4531	3883
9369	3884
2973	3885
1284	3886
1447	3887
5980	3888
6411	3889
3314	3890
109	3891
525	3892
8158	3893
3949	3894
5289	3895
217	3896
6038	3897
6507	3898
1655	3899
3245	3900
1108	3901
2210	3902
6734	3903
9545	3904
7462	3905
7675	3906
4943	3907
4597	3908
176	3909
8950	3910
1658	3911
2280	3912
5807	3913
265	3914
1915	3915
2702	3916
314	3917
6967	3918
3350	3919
8114	3920
614	3921
4115	3922
6812	3923
1939	3924
9378	3925
9216	3926
6602	3927
7990	3928
3036	3929
2841	3930
5615	3931
7741	3932
2400	3933
3738	3934
9336	3935
1918	3936
1175	3937
7721	3938
4302	3939
6838	3940
8804	3941
6520	3942
9491	3943
284	3944
3768	3945
3221	3946
351	3947
725	3948
8069	3949
5146	3950
264	3951
11	3952
668	3953
5510	3954
7870	3955
7668	3956
8004	3957
17	3958
3587	3959
2205	3960
8303	3961
594	3962
6016	3963
6397	3964
9500	3965
5071	3966
7433	3967
1833	3968
1490	3969
779	3970
4621	3971
8653	3972
4760	3973
8462	3974
2987	3975
9237	3976
8685	3977
2800	3978
8096	3979
3310	3980
7043	3981
639	3982
8455	3983
2442	3984
4824	3985
8194	3986
3841	3987
1470	3988
3660	3989
3849	3990
6335	3991
295	3992
6680	3993
6013	3994
9230	3995
6698	3996
3500	3997
5058	3998
8704	3999
9541	4000
7074	4001
8208	4002
7904	4003
8678	4004
5761	4005
8294	4006
248	4007
4122	4008
9468	4009
2259	4010
1680	4011
1123	4012
9277	4013
5347	4014
961	4015
7630	4016
6934	4017
5209	4018
5219	4019
192	4020
2330	4021
7222	4022
3204	4023
5103	4024
8086	4025
9050	4026
5364	4027
2128	4028
8508	4029
5091	4030
6549	4031
978	4032
706	4033
2394	4034
511	4035
7743	4036
4440	4037
3203	4038
9297	4039
9287	4040
5134	4041
3486	4042
975	4043
3395	4044
2670	4045
196	4046
6592	4047
3929	4048
6222	4049
7349	4050
5131	4051
9394	4052
3139	4053
6874	4054
1300	4055
7171	4056
3720	4057
1013	4058
2337	4059
2647	4060
1307	4061
2322	4062
7578	4063
2815	4064
7636	4065
7883	4066
2088	4067
6072	4068
9299	4069
8914	4070
6569	4071
3966	4072
7448	4073
1969	4074
66	4075
2762	4076
5971	4077
8599	4078
2391	4079
1346	4080
3607	4081
9377	4082
8785	4083
1795	4084
91	4085
18	4086
9056	4087
5428	4088
1158	4089
237	4090
2345	4091
9511	4092
4033	4093
9655	4094
3434	4095
3759	4096
2646	4097
8290	4098
261	4099
3792	4100
2847	4101
731	4102
7584	4103
83	4104
7389	4105
4826	4106
2470	4107
1706	4108
456	4109
9390	4110
297	4111
8460	4112
5891	4113
9542	4114
6565	4115
7658	4116
1448	4117
4068	4118
9556	4119
2117	4120
6696	4121
9187	4122
106	4123
759	4124
6693	4125
4996	4126
1979	4127
5404	4128
8474	4129
1023	4130
952	4131
6346	4132
5892	4133
8627	4134
7111	4135
9387	4136
1935	4137
3689	4138
2957	4139
2971	4140
271	4141
9365	4142
5211	4143
3351	4144
5230	4145
6933	4146
3167	4147
8210	4148
2067	4149
5076	4150
1443	4151
2163	4152
3347	4153
6112	4154
7474	4155
8296	4156
797	4157
5472	4158
2071	4159
2828	4160
9359	4161
1494	4162
4884	4163
8555	4164
9591	4165
6845	4166
4592	4167
6450	4168
8398	4169
9074	4170
3636	4171
4304	4172
2290	4173
125	4174
4324	4175
561	4176
8668	4177
5763	4178
2932	4179
9344	4180
2253	4181
190	4182
2245	4183
5391	4184
7643	4185
46	4186
3592	4187
317	4188
6329	4189
1001	4190
5226	4191
6163	4192
1736	4193
8985	4194
1773	4195
2475	4196
4993	4197
2754	4198
3765	4199
9052	4200
4040	4201
1235	4202
5663	4203
8962	4204
2295	4205
1681	4206
2174	4207
146	4208
3553	4209
9082	4210
247	4211
7569	4212
1438	4213
7761	4214
6101	4215
7863	4216
7772	4217
4041	4218
8236	4219
2651	4220
3215	4221
2464	4222
9422	4223
3818	4224
771	4225
1674	4226
3521	4227
6009	4228
735	4229
3283	4230
8134	4231
8050	4232
1110	4233
6084	4234
9392	4235
3828	4236
8196	4237
1898	4238
1303	4239
4696	4240
5182	4241
3619	4242
465	4243
4038	4244
6368	4245
5268	4246
4920	4247
4204	4248
3844	4249
4778	4250
1317	4251
3432	4252
5552	4253
5259	4254
4915	4255
7597	4256
2412	4257
6690	4258
3687	4259
4637	4260
1083	4261
9442	4262
4184	4263
444	4264
3569	4265
6357	4266
5937	4267
154	4268
4313	4269
8277	4270
2571	4271
4566	4272
9110	4273
7233	4274
1094	4275
877	4276
6276	4277
9107	4278
7331	4279
1400	4280
2251	4281
839	4282
5699	4283
5154	4284
9034	4285
2462	4286
9360	4287
7488	4288
1540	4289
5652	4290
6194	4291
5143	4292
1849	4293
9383	4294
5910	4295
110	4296
4925	4297
2531	4298
9551	4299
9084	4300
7121	4301
8917	4302
9182	4303
5640	4304
4355	4305
6452	4306
4995	4307
5904	4308
6358	4309
1518	4310
9587	4311
8443	4312
6989	4313
7329	4314
1401	4315
8611	4316
3403	4317
6949	4318
6522	4319
7311	4320
500	4321
7397	4322
4772	4323
7177	4324
8235	4325
834	4326
373	4327
7905	4328
9002	4329
8832	4330
586	4331
3027	4332
2440	4333
6613	4334
7602	4335
8964	4336
7387	4337
1638	4338
7006	4339
5368	4340
8690	4341
3342	4342
7924	4343
3165	4344
160	4345
5732	4346
175	4347
1884	4348
7495	4349
9205	4350
1101	4351
522	4352
2735	4353
5513	4354
811	4355
7008	4356
7153	4357
1749	4358
7949	4359
5985	4360
2928	4361
1572	4362
6663	4363
391	4364
3618	4365
5464	4366
31	4367
2050	4368
5555	4369
8790	4370
6245	4371
384	4372
9630	4373
4274	4374
8676	4375
3122	4376
4518	4377
8556	4378
1217	4379
7791	4380
6069	4381
8703	4382
7412	4383
8664	4384
6757	4385
210	4386
2886	4387
8422	4388
3782	4389
5024	4390
781	4391
7594	4392
4289	4393
5308	4394
9170	4395
6558	4396
2859	4397
3612	4398
1614	4399
4336	4400
9215	4401
1692	4402
4644	4403
2362	4404
1892	4405
5246	4406
7540	4407
2378	4408
854	4409
8797	4410
2056	4411
2482	4412
1630	4413
4173	4414
160	4415
909	4416
3333	4417
1548	4418
5720	4419
8275	4420
1544	4421
130	4422
3045	4423
3704	4424
31	4425
2199	4426
5388	4427
5940	4428
4685	4429
135	4430
7731	4431
8452	4432
5492	4433
4067	4434
1672	4435
1015	4436
1858	4437
6443	4438
2715	4439
5523	4440
532	4441
4783	4442
1330	4443
8421	4444
2530	4445
4962	4446
7398	4447
739	4448
210	4449
9437	4450
8746	4451
8264	4452
4488	4453
2305	4454
7711	4455
3507	4456
9253	4457
4157	4458
8839	4459
3101	4460
9430	4461
2424	4462
7998	4463
1803	4464
5955	4465
6508	4466
6854	4467
6533	4468
6636	4469
6608	4470
5366	4471
1887	4472
817	4473
7843	4474
6915	4475
8017	4476
7871	4477
1634	4478
5820	4479
9588	4480
139	4481
1439	4482
1020	4483
716	4484
3156	4485
7434	4486
2583	4487
818	4488
4887	4489
7595	4490
7081	4491
5043	4492
2465	4493
2737	4494
9247	4495
8711	4496
2132	4497
4929	4498
3190	4499
3644	4500
4429	4501
7914	4502
7357	4503
4248	4504
399	4505
7362	4506
5601	4507
8524	4508
3231	4509
2450	4510
429	4511
6070	4512
8215	4513
1462	4514
9459	4515
1577	4516
4016	4517
1064	4518
6129	4519
2108	4520
4841	4521
5098	4522
3796	4523
7588	4524
9087	4525
5595	4526
3296	4527
5062	4528
7164	4529
2521	4530
5183	4531
278	4532
88	4533
5657	4534
7195	4535
6656	4536
918	4537
6587	4538
5844	4539
4432	4540
9363	4541
4894	4542
7469	4543
8466	4544
8894	4545
7794	4546
3531	4547
55	4548
9357	4549
9022	4550
8	4551
2196	4552
7146	4553
4551	4554
6679	4555
6793	4556
5521	4557
3767	4558
3799	4559
227	4560
6611	4561
2743	4562
5826	4563
28	4564
8057	4565
7484	4566
7359	4567
51	4568
6995	4569
6162	4570
8819	4571
567	4572
4542	4573
3160	4574
110	4575
3967	4576
146	4577
5929	4578
4731	4579
5609	4580
5921	4581
5731	4582
6236	4583
1232	4584
7352	4585
4099	4586
7944	4587
5405	4588
3856	4589
406	4590
6634	4591
5271	4592
4039	4593
3396	4594
848	4595
624	4596
27	4597
2868	4598
4748	4599
910	4600
6586	4601
7896	4602
7631	4603
1695	4604
4999	4605
153	4606
7876	4607
6237	4608
8076	4609
9663	4610
8695	4611
5489	4612
1247	4613
6564	4614
5049	4615
442	4616
5320	4617
5972	4618
5418	4619
2492	4620
9198	4621
4676	4622
9264	4623
1380	4624
1240	4625
809	4626
205	4627
6860	4628
8561	4629
6115	4630
6331	4631
3731	4632
7045	4633
1121	4634
2206	4635
5331	4636
4399	4637
1091	4638
8519	4639
6049	4640
9327	4641
3356	4642
2242	4643
2948	4644
6459	4645
8866	4646
565	4647
6153	4648
5818	4649
7515	4650
9566	4651
4640	4652
684	4653
8045	4654
5673	4655
91	4656
6624	4657
1792	4658
2177	4659
8944	4660
7601	4661
7820	4662
4865	4663
9168	4664
13	4665
7004	4666
8769	4667
9460	4668
5961	4669
6273	4670
9123	4671
7747	4672
2291	4673
3492	4674
201	4675
794	4676
4572	4677
3798	4678
928	4679
4498	4680
44	4681
294	4682
7262	4683
6889	4684
5373	4685
1	4686
5433	4687
1669	4688
4986	4689
8598	4690
9533	4691
5176	4692
5612	4693
8666	4694
6578	4695
6813	4696
6142	4697
1983	4698
7090	4699
3711	4700
9492	4701
2285	4702
3431	4703
7918	4704
7955	4705
9361	4706
1537	4707
2550	4708
1373	4709
8453	4710
1976	4711
4307	4712
3061	4713
5486	4714
2364	4715
6621	4716
4467	4717
6310	4718
6945	4719
6447	4720
199	4721
240	4722
436	4723
2022	4724
5415	4725
9455	4726
2979	4727
5192	4728
159	4729
9531	4730
3187	4731
3697	4732
6911	4733
6386	4734
8216	4735
3781	4736
5067	4737
7888	4738
3546	4739
7980	4740
4280	4741
602	4742
413	4743
4218	4744
8996	4745
6623	4746
7351	4747
9424	4748
8364	4749
4501	4750
3664	4751
2927	4752
5000	4753
5078	4754
3012	4755
6769	4756
8910	4757
6545	4758
309	4759
5367	4760
327	4761
6181	4762
620	4763
7330	4764
644	4765
7232	4766
8246	4767
4341	4768
956	4769
2209	4770
5066	4771
5551	4772
2178	4773
2038	4774
6501	4775
1010	4776
5448	4777
7703	4778
6267	4779
8652	4780
4046	4781
111	4782
6321	4783
8936	4784
383	4785
2020	4786
4282	4787
1200	4788
1430	4789
9646	4790
8548	4791
6535	4792
9176	4793
5141	4794
4636	4795
5063	4796
2713	4797
4870	4798
30	4799
913	4800
7808	4801
4977	4802
763	4803
6726	4804
1449	4805
6244	4806
204	4807
1910	4808
8775	4809
7560	4810
3538	4811
9310	4812
7619	4813
64	4814
3918	4815
3140	4816
8241	4817
2584	4818
8624	4819
1574	4820
523	4821
2907	4822
4367	4823
3698	4824
2616	4825
2901	4826
1315	4827
4600	4828
1789	4829
7292	4830
181	4831
875	4832
1825	4833
8518	4834
2776	4835
647	4836
8093	4837
2224	4838
138	4839
4924	4840
5585	4841
136	4842
4825	4843
8997	4844
3065	4845
1329	4846
5747	4847
3309	4848
9446	4849
7123	4850
7309	4851
9136	4852
6439	4853
1065	4854
194	4855
289	4856
1958	4857
1003	4858
5431	4859
8655	4860
8084	4861
4678	4862
3694	4863
2629	4864
5952	4865
9091	4866
4741	4867
5016	4868
4686	4869
8006	4870
888	4871
2515	4872
7581	4873
2650	4874
1157	4875
9254	4876
1465	4877
8393	4878
939	4879
8841	4880
9479	4881
5382	4882
9483	4883
2233	4884
5337	4885
6085	4886
9498	4887
2409	4888
2237	4889
8033	4890
6980	4891
2059	4892
8961	4893
9559	4894
2447	4895
5936	4896
874	4897
7350	4898
2376	4899
2712	4900
1996	4901
8370	4902
9447	4903
5198	4904
80	4905
3070	4906
258	4907
1318	4908
8434	4909
2931	4910
393	4911
8767	4912
7941	4913
1865	4914
6408	4915
5655	4916
6042	4917
6833	4918
5723	4919
4065	4920
1199	4921
8343	4922
4160	4923
4762	4924
4049	4925
8026	4926
7049	4927
8197	4928
4693	4929
9104	4930
262	4931
1886	4932
9193	4933
1912	4934
9656	4935
9263	4936
2171	4937
15	4938
3410	4939
6360	4940
9480	4941
2420	4942
3447	4943
1212	4944
6298	4945
3695	4946
6788	4947
7844	4948
6781	4949
9194	4950
56	4951
8253	4952
144	4953
5449	4954
9445	4955
1201	4956
5223	4957
7732	4958
1444	4959
6053	4960
9441	4961
1558	4962
6615	4963
4007	4964
5957	4965
2731	4966
2992	4967
1138	4968
1734	4969
8521	4970
8064	4971
224	4972
8609	4973
7470	4974
3185	4975
6159	4976
802	4977
1263	4978
8153	4979
5267	4980
2696	4981
3946	4982
3094	4983
9032	4984
2575	4985
8313	4986
6122	4987
721	4988
2379	4989
2142	4990
8549	4991
277	4992
4945	4993
4350	4994
2431	4995
4006	4996
6595	4997
9197	4998
8039	4999
6697	5000
1446	5001
5150	5002
3901	5003
5011	5004
6966	5005
33	5006
8014	5007
4390	5008
7781	5009
4883	5010
8147	5011
2943	5012
4869	5013
1981	5014
3610	5015
6448	5016
5394	5017
5499	5018
8063	5019
87	5020
3750	5021
655	5022
6213	5023
6187	5024
1584	5025
6020	5026
886	5027
3408	5028
755	5029
8732	5030
3253	5031
3516	5032
8934	5033
8450	5034
6936	5035
4334	5036
7605	5037
2190	5038
2960	5039
204	5040
6002	5041
6151	5042
4559	5043
6628	5044
7211	5045
1086	5046
9195	5047
4438	5048
6404	5049
8544	5050
4297	5051
4226	5052
2566	5053
6981	5054
7473	5055
2060	5056
13	5057
6745	5058
1563	5059
2700	5060
539	5061
4363	5062
8588	5063
6393	5064
8106	5065
4661	5066
8777	5067
8856	5068
7984	5069
4573	5070
3227	5071
4379	5072
5564	5073
8213	5074
5856	5075
9563	5076
3210	5077
1657	5078
2484	5079
4270	5080
6721	5081
6482	5082
5703	5083
3331	5084
3075	5085
6403	5086
8571	5087
1276	5088
5654	5089
4249	5090
6	5091
5766	5092
6250	5093
8493	5094
5735	5095
589	5096
9183	5097
3480	5098
807	5099
2614	5100
5147	5101
8753	5102
6782	5103
8733	5104
2722	5105
1897	5106
1252	5107
7453	5108
4424	5109
828	5110
7408	5111
7283	5112
4844	5113
3885	5114
7258	5115
6785	5116
8447	5117
1364	5118
7724	5119
1291	5120
5215	5121
2581	5122
8461	5123
7979	5124
3174	5125
9330	5126
1971	5127
569	5128
3778	5129
3183	5130
5257	5131
2908	5132
2221	5133
2945	5134
4484	5135
1587	5136
4521	5137
8789	5138
2536	5139
8173	5140
1049	5141
8131	5142
3593	5143
2023	5144
32	5145
4797	5146
7124	5147
4543	5148
166	5149
3382	5150
5608	5151
5683	5152
5441	5153
3278	5154
7265	5155
6003	5156
1377	5157
7287	5158
4729	5159
6382	5160
7867	5161
676	5162
598	5163
7073	5164
2458	5165
5400	5166
8587	5167
2885	5168
3665	5169
9151	5170
6993	5171
1170	5172
3837	5173
7637	5174
6900	5175
2219	5176
3504	5177
931	5178
7840	5179
3753	5180
7770	5181
6779	5182
3635	5183
2417	5184
5301	5185
5616	5186
5712	5187
7379	5188
2966	5189
7077	5190
8503	5191
8138	5192
826	5193
8756	5194
5590	5195
3651	5196
3589	5197
7940	5198
5454	5199
8871	5200
5309	5201
6367	5202
3028	5203
6351	5204
3524	5205
3262	5206
4489	5207
8170	5208
4279	5209
5370	5210
5506	5211
3050	5212
243	5213
4461	5214
8326	5215
4174	5216
7214	5217
1984	5218
3464	5219
2880	5220
2849	5221
4066	5222
4411	5223
8864	5224
1239	5225
8128	5226
9519	5227
9300	5228
7778	5229
7855	5230
5894	5231
1041	5232
2012	5233
3701	5234
1565	5235
5759	5236
2919	5237
4362	5238
2855	5239
2990	5240
3195	5241
841	5242
8648	5243
123	5244
2830	5245
6475	5246
6977	5247
701	5248
8658	5249
8056	5250
8736	5251
5659	5252
6465	5253
2109	5254
4757	5255
5038	5256
2565	5257
6268	5258
8127	5259
7818	5260
124	5261
958	5262
7417	5263
5420	5264
4918	5265
3988	5266
7498	5267
97	5268
8502	5269
4465	5270
5986	5271
2359	5272
4845	5273
5739	5274
5096	5275
4528	5276
9174	5277
7727	5278
6990	5279
1019	5280
71	5281
2562	5282
3393	5283
3962	5284
2797	5285
4191	5286
2905	5287
8724	5288
7612	5289
7632	5290
1233	5291
7	5292
5902	5293
7256	5294
5596	5295
8314	5296
4670	5297
4571	5298
9311	5299
5814	5300
6609	5301
480	5302
8019	5303
3722	5304
9196	5305
8368	5306
4056	5307
5855	5308
6301	5309
8226	5310
827	5311
6093	5312
2768	5313
4420	5314
2488	5315
9094	5316
6965	5317
8734	5318
8940	5319
3213	5320
8674	5321
2392	5322
412	5323
749	5324
7431	5325
216	5326
9049	5327
4070	5328
7377	5329
1112	5330
8530	5331
8602	5332
2119	5333
4293	5334
9379	5335
1707	5336
9060	5337
3491	5338
7335	5339
1989	5340
5603	5341
7414	5342
6261	5343
6760	5344
5954	5345
7209	5346
3428	5347
793	5348
9009	5349
5512	5350
1926	5351
2949	5352
5496	5353
7682	5354
3320	5355
2761	5356
1710	5357
3011	5358
6920	5359
6249	5360
4522	5361
5220	5362
8593	5363
3532	5364
8231	5365
3074	5366
5968	5367
8891	5368
5809	5369
4546	5370
9163	5371
3550	5372
6759	5373
7614	5374
5256	5375
3829	5376
971	5377
5019	5378
7194	5379
7858	5380
7162	5381
6430	5382
4666	5383
2008	5384
7345	5385
3455	5386
4381	5387
2348	5388
8901	5389
434	5390
3951	5391
4084	5392
8489	5393
9404	5394
122	5395
7322	5396
3503	5397
1404	5398
5920	5399
3581	5400
3978	5401
1360	5402
7554	5403
3201	5404
6171	5405
4179	5406
6669	5407
4043	5408
9085	5409
52	5410
3053	5411
260	5412
1347	5413
2759	5414
356	5415
7133	5416
2481	5417
8948	5418
4697	5419
1611	5420
1677	5421
4349	5422
9409	5423
7911	5424
7069	5425
1604	5426
3124	5427
4462	5428
9574	5429
226	5430
7571	5431
6735	5432
1873	5433
5413	5434
7261	5435
3232	5436
8725	5437
6538	5438
4104	5439
6058	5440
5012	5441
6574	5442
1236	5443
7339	5444
7294	5445
1048	5446
3055	5447
8190	5448
4254	5449
6389	5450
7700	5451
2818	5452
5295	5453
3571	5454
7303	5455
3409	5456
2042	5457
5482	5458
1414	5459
4422	5460
2533	5461
9177	5462
4773	5463
7406	5464
3117	5465
5009	5466
2002	5467
5994	5468
21	5469
3678	5470
4026	5471
6350	5472
5666	5473
8721	5474
2342	5475
4969	5476
1753	5477
9367	5478
3745	5479
3217	5480
7525	5481
764	5482
193	5483
8597	5484
5100	5485
2479	5486
7030	5487
2339	5488
2385	5489
5248	5490
8719	5491
7615	5492
4669	5493
8500	5494
9528	5495
5051	5496
5528	5497
3186	5498
1642	5499
4872	5500
738	5501
5045	5502
3633	5503
5639	5504
7802	5505
5958	5506
8479	5507
3414	5508
6078	5509
4953	5510
4025	5511
6275	5512
7282	5513
8656	5514
6828	5515
9117	5516
279	5517
6747	5518
629	5519
3669	5520
3214	5521
9664	5522
981	5523
6953	5524
2866	5525
5159	5526
6105	5527
2323	5528
2509	5529
5137	5530
4811	5531
7750	5532
7160	5533
9038	5534
3914	5535
304	5536
5553	5537
368	5538
5693	5539
6152	5540
5327	5541
7647	5542
337	5543
2030	5544
3896	5545
3114	5546
5996	5547
152	5548
8366	5549
1008	5550
2663	5551
1567	5552
7308	5553
9093	5554
7301	5555
2665	5556
4861	5557
1943	5558
4414	5559
1351	5560
114	5561
1612	5562
8055	5563
2312	5564
6556	5565
4749	5566
3545	5567
2953	5568
9535	5569
9233	5570
4482	5571
7975	5572
5689	5573
4402	5574
3549	5575
5303	5576
1476	5577
2624	5578
6446	5579
8526	5580
1450	5581
2527	5582
9457	5583
2789	5584
6957	5585
5287	5586
9346	5587
407	5588
5884	5589
6916	5590
8893	5591
1546	5592
2964	5593
1740	5594
5350	5595
3063	5596
4483	5597
6751	5598
3588	5599
4587	5600
3927	5601
1551	5602
3265	5603
1944	5604
486	5605
5026	5606
2619	5607
2570	5608
5668	5609
1867	5610
3643	5611
1359	5612
3700	5613
326	5614
2413	5615
3452	5616
2028	5617
5893	5618
7017	5619
692	5620
5941	5621
3563	5622
3824	5623
5235	5624
7705	5625
1952	5626
3968	5627
4120	5628
7492	5629
53	5630
659	5631
2541	5632
2301	5633
1671	5634
6674	5635
5790	5636
8038	5637
6055	5638
5773	5639
9011	5640
3234	5641
3965	5642
6559	5643
1804	5644
6554	5645
1579	5646
5253	5647
8356	5648
2525	5649
6568	5650
8906	5651
5795	5652
4737	5653
3955	5654
2564	5655
2763	5656
2101	5657
6919	5658
3404	5659
1815	5660
1895	5661
3458	5662
5495	5663
7439	5664
9439	5665
6653	5666
2771	5667
9340	5668
5669	5669
524	5670
7284	5671
14	5672
697	5673
2162	5674
6973	5675
9077	5676
6295	5677
7486	5678
1156	5679
2899	5680
5918	5681
7814	5682
6293	5683
1260	5684
8495	5685
9306	5686
6887	5687
7902	5688
6416	5689
1203	5690
7512	5691
4346	5692
2238	5693
563	5694
6589	5695
3293	5696
722	5697
3956	5698
3312	5699
642	5700
7503	5701
4329	5702
916	5703
6415	5704
1382	5705
4356	5706
117	5707
5030	5708
5632	5709
3397	5710
3052	5711
6803	5712
6543	5713
457	5714
342	5715
7336	5716
767	5717
2418	5718
9434	5719
2558	5720
6138	5721
8333	5722
7930	5723
68	5724
4690	5725
8747	5726
698	5727
5292	5728
3570	5729
9113	5730
6682	5731
5680	5732
211	5733
6379	5734
7901	5735
2396	5736
5125	5737
3	5738
9358	5739
9115	5740
5050	5741
8960	5742
2125	5743
9335	5744
8234	5745
2151	5746
2924	5747
3857	5748
2742	5749
1503	5750
5665	5751
8411	5752
8161	5753
322	5754
9018	5755
2634	5756
4232	5757
2954	5758
7997	5759
5951	5760
6312	5761
2443	5762
3044	5763
1328	5764
3547	5765
9503	5766
8207	5767
5186	5768
9444	5769
7333	5770
2965	5771
7313	5772
2040	5773
3803	5774
2057	5775
7575	5776
1186	5777
2799	5778
8140	5779
3853	5780
7527	5781
4723	5782
7	5783
1097	5784
4530	5785
6453	5786
2920	5787
7897	5788
6488	5789
9406	5790
7835	5791
8315	5792
8784	5793
8016	5794
9208	5795
4405	5796
7929	5797
6442	5798
1661	5799
4182	5800
6440	5801
8742	5802
3323	5803
1321	5804
1089	5805
6405	5806
3418	5807
3712	5808
6644	5809
4434	5810
4406	5811
1618	5812
7418	5813
1036	5814
1561	5815
5218	5816
249	5817
6733	5818
7580	5819
2164	5820
7553	5821
1082	5822
6179	5823
2610	5824
5586	5825
8482	5826
3159	5827
2667	5828
7702	5829
8378	5830
730	5831
8643	5832
4380	5833
1218	5834
8126	5835
5200	5836
5641	5837
4627	5838
4650	5839
298	5840
5633	5841
2260	5842
5943	5843
2169	5844
7116	5845
3062	5846
8743	5847
9549	5848
1670	5849
1801	5850
8714	5851
4230	5852
5206	5853
3279	5854
5222	5855
1137	5856
7907	5857
2252	5858
1950	5859
1834	5860
8673	5861
6807	5862
6200	5863
7606	5864
1259	5865
1686	5866
1629	5867
362	5868
6438	5869
8889	5870
8178	5871
4493	5872
2609	5873
9029	5874
4991	5875
7315	5876
657	5877
4923	5878
7023	5879
5917	5880
8097	5881
2502	5882
8812	5883
1320	5884
7504	5885
5607	5886
1053	5887
2287	5888
6928	5889
7089	5890
6240	5891
1057	5892
5126	5893
7079	5894
4888	5895
6661	5896
4210	5897
2652	5898
3473	5899
5463	5900
4101	5901
5282	5902
652	5903
3537	5904
3892	5905
3394	5906
493	5907
3299	5908
9313	5909
992	5910
1487	5911
2068	5912
5877	5913
8766	5914
3934	5915
1061	5916
7769	5917
8301	5918
6926	5919
1993	5920
6841	5921
5070	5922
1271	5923
3225	5924
365	5925
8125	5926
1336	5927
9351	5928
9203	5929
5627	5930
293	5931
438	5932
5358	5933
3691	5934
7275	5935
4027	5936
8892	5937
9450	5938
4076	5939
2505	5940
6857	5941
5566	5942
7272	5943
189	5944
2036	5945
106	5946
7104	5947
2770	5948
4012	5949
3501	5950
3775	5951
9164	5952
4892	5953
93	5954
1350	5955
5882	5956
7623	5957
290	5958
651	5959
1617	5960
6848	5961
7555	5962
8263	5963
9111	5964
7638	5965
8399	5966
7010	5967
7373	5968
4242	5969
4143	5970
5926	5971
173	5972
1483	5973
9341	5974
6136	5975
8607	5976
6856	5977
777	5978
9403	5979
4801	5980
165	5981
8248	5982
3897	5983
8663	5984
9185	5985
3615	5986
2047	5987
8958	5988
6951	5989
2453	5990
4873	5991
1305	5992
6127	5993
5949	5994
3485	5995
2723	5996
588	5997
7735	5998
5165	5999
4605	6000
7734	6001
7424	6002
3821	6003
1654	6004
7509	6005
8085	6006
1344	6007
4229	6008
8641	6009
1737	6010
6334	6011
6302	6012
8059	6013
4316	6014
3406	6015
4502	6016
2256	6017
8389	6018
9021	6019
175	6020
6106	6021
143	6022
66	6023
5129	6024
2556	6025
2750	6026
228	6027
2591	6028
7168	6029
6347	6030
1390	6031
1500	6032
9398	6033
2078	6034
1302	6035
6180	6036
636	6037
47	6038
79	6039
7879	6040
8826	6041
7964	6042
5099	6043
2753	6044
2107	6045
4936	6046
7650	6047
3696	6048
9627	6049
4366	6050
7583	6051
8218	6052
7536	6053
3652	6054
2596	6055
4298	6056
1683	6057
5171	6058
8115	6059
1306	6060
2389	6061
991	6062
1662	6063
7663	6064
3470	6065
4902	6066
7708	6067
4930	6068
9314	6069
5040	6070
1559	6071
5460	6072
5858	6073
7994	6074
3564	6075
9138	6076
6491	6077
4075	6078
6511	6079
1131	6080
1536	6081
4725	6082
7600	6083
2258	6084
591	6085
5446	6086
9030	6087
65	6088
9296	6089
6292	6090
1592	6091
8764	6092
8471	6093
1823	6094
1607	6095
6753	6096
9507	6097
3257	6098
4211	6099
8770	6100
179	6101
6086	6102
8465	6103
6337	6104
6421	6105
3048	6106
3416	6107
1615	6108
5865	6109
4139	6110
9072	6111
831	6112
6654	6113
4449	6114
7521	6115
9175	6116
7755	6117
130	6118
76	6119
6908	6120
5245	6121
5318	6122
5670	6123
1609	6124
5057	6125
4603	6126
4663	6127
8631	6128
1104	6129
7159	6130
9040	6131
6792	6132
5095	6133
7771	6134
5107	6135
1659	6136
5436	6137
3915	6138
1243	6139
7483	6140
7652	6141
237	6142
8352	6143
9065	6144
7640	6145
5149	6146
778	6147
3912	6148
6420	6149
2236	6150
4095	6151
572	6152
2863	6153
2082	6154
4344	6155
570	6156
3166	6157
2152	6158
3169	6159
3328	6160
3533	6161
184	6162
5919	6163
1030	6164
5802	6165
6080	6166
261	6167
474	6168
8358	6169
7887	6170
633	6171
6858	6172
7375	6173
5054	6174
5470	6175
5434	6176
6627	6177
3039	6178
6676	6179
89	6180
3883	6181
5903	6182
9273	6183
5002	6184
9643	6185
9133	6186
7760	6187
8438	6188
6519	6189
9657	6190
7915	6191
3069	6192
7739	6193
3022	6194
4183	6195
2612	6196
5782	6197
6418	6198
3797	6199
5265	6200
4899	6201
2781	6202
890	6203
5709	6204
9514	6205
6030	6206
3478	6207
6830	6208
7296	6209
5132	6210
8118	6211
2250	6212
7029	6213
4466	6214
9429	6215
4983	6216
5606	6217
3596	6218
2402	6219
7590	6220
2480	6221
5743	6222
206	6223
2398	6224
7848	6225
1788	6226
4451	6227
1998	6228
3337	6229
2542	6230
3001	6231
7795	6232
6714	6233
8054	6234
4610	6235
6708	6236
163	6237
4148	6238
9169	6239
4180	6240
3134	6241
7200	6242
6018	6243
195	6244
6126	6245
3445	6246
4886	6247
291	6248
3250	6249
6748	6250
7846	6251
2437	6252
7865	6253
8681	6254
8907	6255
621	6256
5645	6257
3220	6258
58	6259
8994	6260
5108	6261
6214	6262
709	6263
3863	6264
9427	6265
6065	6266
5718	6267
2016	6268
7458	6269
8684	6270
2628	6271
3040	6272
3019	6273
2157	6274
6712	6275
4404	6276
5411	6277
5307	6278
5875	6279
6880	6280
4909	6281
8349	6282
2978	6283
3238	6284
141	6285
8329	6286
4077	6287
6130	6288
4507	6289
502	6290
1028	6291
3585	6292
1270	6293
2217	6294
808	6295
90	6296
8899	6297
8306	6298
1660	6299
3369	6300
1836	6301
75	6302
3378	6303
4934	6304
6932	6305
9295	6306
1148	6307
48	6308
5522	6309
3300	6310
6766	6311
30	6312
1034	6313
4141	6314
3557	6315
5754	6316
7395	6317
7185	6318
9289	6319
2274	6320
9017	6321
1794	6322
1153	6323
1070	6324
578	6325
7494	6326
8164	6327
7532	6328
4281	6329
8478	6330
8900	6331
2070	6332
8702	6333
1084	6334
2122	6335
8740	6336
2648	6337
5089	6338
2228	6339
8229	6340
4908	6341
1646	6342
2812	6343
1632	6344
510	6345
8686	6346
156	6347
202	6348
3191	6349
9149	6350
3400	6351
7893	6352
5362	6353
8169	6354
9580	6355
145	6356
6746	6357
3940	6358
5353	6359
3128	6360
3639	6361
8591	6362
1925	6363
9312	6364
12	6365
1176	6366
3077	6367
9262	6368
7920	6369
1594	6370
4042	6371
1741	6372
3762	6373
7886	6374
648	6375
1224	6376
542	6377
5970	6378
5395	6379
795	6380
4387	6381
8691	6382
9062	6383
4111	6384
6635	6385
4803	6386
664	6387
5658	6388
689	6389
2232	6390
86	6391
9238	6392
1	6393
8309	6394
7490	6395
4373	6396
8869	6397
6461	6398
3629	6399
109	6400
1555	6401
6677	6402
9506	6403
5964	6404
2096	6405
1093	6406
3151	6407
8798	6408
5592	6409
9577	6410
1018	6411
6117	6412
7524	6413
6774	6414
8463	6415
7425	6416
8287	6417
5194	6418
9222	6419
6878	6420
432	6421
5834	6422
3085	6423
8515	6424
4630	6425
6859	6426
4805	6427
7587	6428
5075	6429
4744	6430
7617	6431
8853	6432
7717	6433
4859	6434
1812	6435
8881	6436
3620	6437
2874	6438
2840	6439
7489	6440
3734	6441
8905	6442
8642	6443
2535	6444
4926	6445
5124	6446
9288	6447
2817	6448
3805	6449
7299	6450
2622	6451
528	6452
2639	6453
2801	6454
2365	6455
1486	6456
7684	6457
6332	6458
1605	6459
6518	6460
2487	6461
8254	6462
3389	6463
8633	6464
3260	6465
5934	6466
1090	6467
5750	6468
6909	6469
8081	6470
7613	6471
164	6472
2175	6473
5479	6474
8630	6475
2974	6476
4715	6477
4960	6478
5867	6479
7817	6480
3990	6481
1499	6482
4857	6483
273	6484
4553	6485
1340	6486
3743	6487
2297	6488
8217	6489
3150	6490
8201	6491
7402	6492
5808	6493
8199	6494
5369	6495
2118	6496
3509	6497
174	6498
2026	6499
9537	6500
8075	6501
6478	6502
1522	6503
3577	6504
5199	6505
3391	6506
531	6507
5363	6508
8279	6509
17	6510
9212	6511
4388	6512
9259	6513
6099	6514
3641	6515
5269	6516
8012	6517
8082	6518
2631	6519
5498	6520
5214	6521
5729	6522
9608	6523
6710	6524
11	6525
8030	6526
9473	6527
6560	6528
5342	6529
5874	6530
4359	6531
182	6532
4401	6533
5031	6534
3295	6535
9129	6536
82	6537
8286	6538
3444	6539
8293	6540
4901	6541
1576	6542
1052	6543
5340	6544
1043	6545
9284	6546
4276	6547
135	6548
1745	6549
4177	6550
297	6551
4125	6552
5384	6553
7370	6554
1192	6555
7122	6556
7953	6557
136	6558
3686	6559
4	6560
255	6561
6664	6562
2844	6563
8693	6564
9393	6565
968	6566
6015	6567
8886	6568
1195	6569
7000	6570
5007	6571
2493	6572
8032	6573
7655	6574
2278	6575
2786	6576
7538	6577
4897	6578
2346	6579
8	6580
1445	6581
3969	6582
3471	6583
4948	6584
863	6585
8909	6586
6718	6587
6896	6588
6837	6589
7437	6590
422	6591
5357	6592
4513	6593
6702	6594
4796	6595
2816	6596
6239	6597
5543	6598
8454	6599
1888	6600
1811	6601
453	6602
6484	6603
1022	6604
4997	6605
5139	6606
3009	6607
7880	6608
5429	6609
4787	6610
7273	6611
272	6612
9209	6613
3755	6614
7729	6615
5688	6616
8937	6617
9497	6618
915	6619
4410	6620
1296	6621
3663	6622
8842	6623
1066	6624
4623	6625
7099	6626
3873	6627
9538	6628
4581	6629
149	6630
9119	6631
7242	6632
1956	6633
7884	6634
6223	6635
2568	6636
6666	6637
2064	6638
5932	6639
2357	6640
120	6641
3621	6642
1974	6643
1520	6644
9402	6645
3383	6646
2460	6647
4839	6648
9640	6649
7382	6650
713	6651
300	6652
5546	6653
8912	6654
7135	6655
2320	6656
8141	6657
4938	6658
8921	6659
8079	6660
4310	6661
4480	6662
5059	6663
5587	6664
1593	6665
773	6666
7343	6667
3591	6668
3	6669
8149	6670
8494	6671
4900	6672
340	6673
3276	6674
5794	6675
6668	6676
6955	6677
6081	6678
5661	6679
5156	6680
6325	6681
5457	6682
962	6683
9373	6684
1398	6685
950	6686
7358	6687
4809	6688
5179	6689
3207	6690
8028	6691
4265	6692
2098	6693
2113	6694
3281	6695
39	6696
5341	6697
765	6698
1288	6699
1211	6700
9251	6701
2289	6702
4856	6703
6374	6704
9178	6705
9097	6706
518	6707
5890	6708
8792	6709
2388	6710
4860	6711
8988	6712
8923	6713
2726	6714
4912	6715
6059	6716
957	6717
1301	6718
6258	6719
2048	6720
10	6721
97	6722
1144	6723
1216	6724
6170	6725
6000	6726
5121	6727
5570	6728
4588	6729
4911	6730
3057	6731
6209	6732
9395	6733
7240	6734
54	6735
4189	6736
587	6737
5105	6738
5638	6739
681	6740
6207	6741
7499	6742
1519	6743
3766	6744
7409	6745
7321	6746
1349	6747
6044	6748
4505	6749
2432	6750
7824	6751
1766	6752
2522	6753
7561	6754
5900	6755
609	6756
7759	6757
6775	6758
5397	6759
268	6760
51	6761
6512	6762
25	6763
71	6764
1523	6765
8554	6766
8922	6767
9583	6768
3935	6769
3719	6770
9004	6771
4683	6772
6307	6773
1014	6774
5886	6775
7042	6776
2414	6777
4941	6778
5041	6779
269	6780
4153	6781
5828	6782
5074	6783
300	6784
24	6785
1871	6786
6591	6787
8298	6788
3086	6789
8034	6790
4423	6791
5006	6792
8243	6793
4091	6794
9539	6795
8282	6796
4721	6797
5517	6798
5359	6799
766	6800
122	6801
8854	6802
303	6803
5173	6804
8416	6805
1719	6806
7965	6807
415	6808
7236	6809
8348	6810
9139	6811
3688	6812
8809	6813
9134	6814
4867	6815
7131	6816
2986	6817
2977	6818
606	6819
5714	6820
3145	6821
8654	6822
4504	6823
3845	6824
9662	6825
3578	6826
260	6827
5069	6828
864	6829
2254	6830
7334	6831
6881	6832
2329	6833
9389	6834
9622	6835
7391	6836
8429	6837
9128	6838
4538	6839
4348	6840
8180	6841
441	6842
5442	6843
7324	6844
9448	6845
3348	6846
1606	6847
9333	6848
6218	6849
9126	6850
271	6851
6684	6852
176	6853
216	6854
7906	6855
1421	6856
7931	6857
1007	6858
3451	6859
4780	6860
7847	6861
4963	6862
4079	6863
6497	6864
8507	6865
1459	6866
1840	6867
5161	6868
1120	6869
5575	6870
7799	6871
9584	6872
5779	6873
8154	6874
8999	6875
6208	6876
4186	6877
1891	6878
6014	6879
6326	6880
6893	6881
331	6882
5145	6883
1909	6884
7449	6885
201	6886
105	6887
4074	6888
2149	6889
7985	6890
6221	6891
379	6892
3790	6893
1304	6894
6419	6895
859	6896
596	6897
8525	6898
2882	6899
7204	6900
6496	6901
178	6902
9593	6903
3271	6904
2419	6905
5481	6906
8350	6907
3199	6908
9148	6909
268	6910
6468	6911
2084	6912
3888	6913
3728	6914
9221	6915
255	6916
6257	6917
5311	6918
9385	6919
3953	6920
5636	6921
433	6922
7667	6923
4108	6924
2654	6925
9348	6926
906	6927
9241	6928
4333	6929
3814	6930
7763	6931
6780	6932
3173	6933
7144	6934
686	6935
4418	6936
3046	6937
2638	6938
4596	6939
4534	6940
8995	6941
618	6942
8504	6943
5741	6944
9033	6945
3861	6946
2445	6947
6891	6948
2714	6949
7249	6950
6050	6951
234	6952
3466	6953
8528	6954
2485	6955
426	6956
6618	6957
5561	6958
6999	6959
2240	6960
2848	6961
102	6962
5981	6963
7776	6964
6616	6965
600	6966
369	6967
4162	6968
3367	6969
830	6970
409	6971
113	6972
7207	6973
9477	6974
7719	6975
48	6976
1843	6977
2946	6978
5407	6979
7305	6980
1624	6981
646	6982
7148	6983
9242	6984
4164	6985
5515	6986
963	6987
2671	6988
6204	6989
4820	6990
1668	6991
15	6992
6863	6993
3494	6994
6991	6995
2938	6996
1033	6997
9512	6998
3632	6999
2079	7000
8796	7001
4130	7002
6649	7003
6884	7004
8092	7005
5	7006
7037	7007
714	7008
6103	7009
2511	7010
8728	7011
6817	7012
7804	7013
1694	7014
2681	7015
6341	7016
5679	7017
7218	7018
5272	7019
9599	7020
4267	7021
6825	7022
8590	7023
1621	7024
3198	7025
1460	7026
884	7027
5557	7028
372	7029
564	7030
6092	7031
6225	7032
1620	7033
7210	7034
8436	7035
428	7036
7567	7037
5617	7038
2642	7039
1274	7040
367	7041
8803	7042
8070	7043
892	7044
2283	7045
554	7046
5618	7047
7286	7048
4332	7049
4259	7050
7186	7051
2483	7052
338	7053
244	7054
3749	7055
2446	7056
4323	7057
1820	7058
2284	7059
1636	7060
6573	7061
1975	7062
7574	7063
2129	7064
156	7065
5461	7066
6396	7067
1000	7068
9413	7069
5174	7070
6777	7071
5321	7072
8188	7073
460	7074
6145	7075
8250	7076
104	7077
5018	7078
203	7079
6473	7080
1428	7081
5927	7082
1179	7083
4584	7084
4570	7085
128	7086
3161	7087
1367	7088
1748	7089
3662	7090
40	7091
7803	7092
7572	7093
8825	7094
54	7095
1405	7096
9015	7097
1713	7098
2361	7099
6778	7100
7274	7101
2039	7102
2211	7103
4233	7104
5881	7105
6264	7106
4662	7107
8167	7108
6925	7109
842	7110
3345	7111
5908	7112
7190	7113
5221	7114
6456	7115
2198	7116
1280	7117
1927	7118
8324	7119
5035	7120
2705	7121
398	7122
2691	7123
7874	7124
1073	7125
6646	7126
6645	7127
3326	7128
9255	7129
4140	7130
7813	7131
6541	7132
1408	7133
1769	7134
7839	7135
9636	7136
9650	7137
6706	7138
4030	7139
3113	7140
4665	7141
2627	7142
6	7143
8880	7144
8077	7145
727	7146
3539	7147
631	7148
9210	7149
4578	7150
6530	7151
273	7152
4562	7153
1954	7154
1517	7155
2094	7156
8534	7157
9380	7158
2775	7159
900	7160
1143	7161
1850	7162
496	7163
220	7164
9397	7165
2549	7166
8772	7167
499	7168
3945	7169
2506	7170
9440	7171
8811	7172
8829	7173
6499	7174
6102	7175
2918	7176
3860	7177
5780	7178
6364	7179
6555	7180
275	7181
3154	7182
2220	7183
8405	7184
410	7185
4833	7186
7762	7187
4814	7188
229	7189
853	7190
2898	7191
4635	7192
7125	7193
5788	7194
2191	7195
4098	7196
3244	7197
7220	7198
5291	7199
8144	7200
6474	7201
1781	7202
1242	7203
7661	7204
4205	7205
4326	7206
9073	7207
5650	7208
3430	7209
7568	7210
7114	7211
7182	7212
7712	7213
1117	7214
7442	7215
3219	7216
8827	7217
8569	7218
5087	7219
7404	7220
2864	7221
7055	7222
3648	7223
6827	7224
9396	7225
3908	7226
9349	7227
8413	7228
472	7229
5982	7230
4535	7231
7857	7232
1831	7233
7380	7234
3905	7235
7563	7236
3877	7237
8319	7238
2689	7239
2426	7240
2513	7241
9071	7242
803	7243
5872	7244
6471	7245
4616	7246
7039	7247
6355	7248
7143	7249
2401	7250
2275	7251
4781	7252
5801	7253
5092	7254
5719	7255
7757	7256
4537	7257
2682	7258
6505	7259
9199	7260
2127	7261
711	7262
1575	7263
1514	7264
966	7265
8735	7266
4371	7267
1196	7268
2017	7269
154	7270
9066	7271
9325	7272
6551	7273
3601	7274
6486	7275
3343	7276
1046	7277
8713	7278
8942	7279
6075	7280
5345	7281
3064	7282
1883	7283
2773	7284
7255	7285
6036	7286
8992	7287
4017	7288
9458	7289
5037	7290
357	7291
548	7292
5261	7293
8491	7294
1420	7295
3164	7296
163	7297
8228	7298
1700	7299
3119	7300
83	7301
663	7302
6770	7303
494	7304
2496	7305
9343	7306
2675	7307
7053	7308
142	7309
376	7310
1940	7311
8137	7312
6809	7313
7201	7314
1711	7315
2976	7316
7562	7317
593	7318
7407	7319
7785	7320
2777	7321
195	7322
3876	7323
3317	7324
5649	7325
4745	7326
2473	7327
7938	7328
188	7329
6284	7330
4	7331
7694	7332
7679	7333
846	7334
9405	7335
9603	7336
420	7337
4268	7338
4564	7339
7610	7340
1510	7341
3372	7342
7310	7343
1106	7344
6019	7345
5793	7346
7048	7347
3256	7348
5408	7349
4089	7350
3192	7351
418	7352
2153	7353
9090	7354
4262	7355
6923	7356
6061	7357
925	7358
8310	7359
604	7360
8403	7361
6763	7362
245	7363
2959	7364
2352	7365
9534	7366
2517	7367
8427	7368
3268	7369
2595	7370
5491	7371
8966	7372
1251	7373
881	7374
1257	7375
1081	7376
4290	7377
9550	7378
9243	7379
694	7380
42	7381
7916	7382
251	7383
2836	7384
4400	7385
431	7386
1249	7387
5914	7388
2657	7389
3772	7390
5140	7391
2678	7392
6905	7393
6797	7394
4765	7395
3823	7396
3292	7397
8408	7398
2894	7399
1631	7400
1122	7401
5243	7402
3290	7403
3423	7404
2730	7405
8606	7406
8239	7407
1498	7408
2860	7409
2588	7410
3006	7411
3346	7412
8878	7413
5760	7414
7507	7415
4863	7416
2371	7417
597	7418
1501	7419
7796	7420
3989	7421
101	7422
8902	7423
5602	7424
907	7425
2674	7426
1856	7427
4959	7428
2955	7429
7378	7430
22	7431
6039	7432
1731	7433
3562	7434
9391	7435
3307	7436
5254	7437
3640	7438
1770	7439
7768	7440
8459	7441
8801	7442
2081	7443
414	7444
637	7445
6184	7446
6285	7447
41	7448
788	7449
6047	7450
3900	7451
3716	7452
1183	7453
6073	7454
720	7455
5480	7456
77	7457
2739	7458
102	7459
2523	7460
8244	7461
9153	7462
6318	7463
5450	7464
7987	7465
1162	7466
8806	7467
8353	7468
298	7469
8527	7470
5817	7471
3647	7472
2632	7473
6183	7474
6514	7475
7559	7476
1045	7477
5685	7478
4881	7479
3727	7480
3014	7481
8876	7482
3211	7483
8406	7484
3808	7485
9464	7486
6328	7487
1757	7488
5225	7489
8072	7490
1238	7491
473	7492
7452	7493
164	7494
7927	7495
222	7496
4804	7497
5021	7498
5114	7499
8202	7500
7460	7501
7971	7502
1429	7503
5762	7504
5823	7505
942	7506
3171	7507
9154	7508
7950	7509
6134	7510
8258	7511
5227	7512
3742	7513
5751	7514
6820	7515
1997	7516
9382	7517
5390	7518
4018	7519
7047	7520
461	7521
6563	7522
752	7523
6810	7524
86	7525
8938	7526
2791	7527
6657	7528
9454	7529
2656	7530
2105	7531
680	7532
9267	7533
1177	7534
9012	7535
1566	7536
1755	7537
3714	7538
9257	7539
3223	7540
3275	7541
8699	7542
4633	7543
2380	7544
740	7545
6795	7546
1145	7547
1862	7548
8136	7549
26	7550
5717	7551
7692	7552
3246	7553
3499	7554
8483	7555
4300	7556
9582	7557
67	7558
3318	7559
9157	7560
6279	7561
1389	7562
1547	7563
7842	7564
5197	7565
2029	7566
8150	7567
5925	7568
219	7569
1223	7570
2350	7571
190	7572
38	7573
4533	7574
2195	7575
8967	7576
2935	7577
4770	7578
5298	7579
4617	7580
5651	7581
2213	7582
6177	7583
6509	7584
7815	7585
2085	7586
9252	7587
3977	7588
3747	7589
8388	7590
6466	7591
5412	7592
8532	7593
9493	7594
1505	7595
4679	7596
3884	7597
5531	7598
4223	7599
6235	7600
5888	7601
2915	7602
1802	7603
9078	7604
4236	7605
9054	7606
3003	7607
6935	7608
4044	7609
7851	7610
1159	7611
7925	7612
3894	7613
3972	7614
1772	7615
4487	7616
1946	7617
9374	7618
4398	7619
8523	7620
4421	7621
9166	7622
5196	7623
2032	7624
7765	7625
8146	7626
4599	7627
5210	7628
7	7629
2344	7630
4246	7631
2569	7632
256	7633
5769	7634
9007	7635
3035	7636
7346	7637
3617	7638
5656	7639
46	7640
3835	7641
1293	7642
7393	7643
8291	7644
3131	7645
5478	7646
7172	7647
1213	7648
4935	7649
5724	7650
8391	7651
7633	7652
9331	7653
3802	7654
3230	7655
8359	7656
212	7657
1	7658
7622	7659
1750	7660
2561	7661
8830	7662
9130	7663
2780	7664
4154	7665
2870	7666
2277	7667
3952	7668
4136	7669
1839	7670
6234	7671
8192	7672
2721	7673
8402	7674
6898	7675
6983	7676
6410	7677
3973	7678
4052	7679
984	7680
8585	7681
7130	7682
7128	7683
973	7684
8976	7685
388	7686
3066	7687
4965	7688
3291	7689
3637	7690
2802	7691
8667	7692
138	7693
4771	7694
7141	7695
4195	7696
5859	7697
112	7698
6590	7699
119	7700
5868	7701
944	7702
4219	7703
2553	7704
6942	7705
8340	7706
9031	7707
497	7708
98	7709
5393	7710
8620	7711
2427	7712
2996	7713
8895	7714
9527	7715
6167	7716
8382	7717
4698	7718
2740	7719
4516	7720
2504	7721
8927	7722
5946	7723
658	7724
8043	7725
2181	7726
4927	7727
5653	7728
312	7729
8553	7730
1098	7731
3449	7732
5133	7733
3115	7734
5017	7735
2456	7736
1851	7737
753	7738
8189	7739
1497	7740
8584	7741
4392	7742
7435	7743
6262	7744
6178	7745
5471	7746
6290	7747
1752	7748
7083	7749
885	7750
8362	7751
9641	7752
6783	7753
7866	7754
8748	7755
1368	7756
5579	7757
7110	7758
8155	7759
4712	7760
9225	7761
155	7762
3523	7763
4305	7764
6601	7765
8981	7766
7454	7767
6768	7768
3628	7769
3613	7770
1525	7771
291	7772
2184	7773
7372	7774
8635	7775
6550	7776
1869	7777
8283	7778
5569	7779
2593	7780
3804	7781
4287	7782
7690	7783
4614	7784
5507	7785
7071	7786
5538	7787
3606	7788
998	7789
7506	7790
13	7791
1277	7792
2335	7793
2103	7794
671	7795
5605	7796
9081	7797
440	7798
4742	7799
6378	7800
2526	7801
3090	7802
6226	7803
3512	7804
5242	7805
2910	7806
9131	7807
1982	7808
479	7809
8089	7810
3996	7811
2893	7812
2187	7813
3374	7814
6640	7815
3848	7816
4711	7817
5437	7818
2076	7819
861	7820
9513	7821
3659	7822
6034	7823
1931	7824
1826	7825
3898	7826
8347	7827
6962	7828
6678	7829
3673	7830
8361	7831
9453	7832
8271	7833
7136	7834
603	7835
3357	7836
9609	7837
3354	7838
9472	7839
3757	7840
6998	7841
123	7842
3038	7843
6371	7844
4523	7845
4361	7846
1583	7847
1908	7848
251	7849
2618	7850
3080	7851
8883	7852
5326	7853
5304	7854
5567	7855
6868	7856
7946	7857
7649	7858
2684	7859
215	7860
7466	7861
9079	7862
7665	7863
3703	7864
9660	7865
6041	7866
8594	7867
8566	7868
4988	7869
5611	7870
3682	7871
6045	7872
217	7873
3043	7874
9244	7875
2765	7876
1413	7877
5034	7878
9337	7879
9145	7880
8013	7881
6528	7882
7441	7883
5991	7884
3180	7885
4840	7886
1994	7887
8410	7888
2769	7889
990	7890
774	7891
137	7892
3723	7893
7244	7894
1044	7895
4503	7896
1913	7897
3807	7898
3120	7899
2144	7900
3465	7901
2231	7902
4753	7903
870	7904
131	7905
4149	7906
263	7907
6124	7908
1739	7909
4639	7910
7992	7911
5010	7912
1509	7913
3088	7914
1922	7915
7432	7916
4652	7917
530	7918
996	7919
5583	7920
4582	7921
512	7922
94	7923
7973	7924
3833	7925
8338	7926
696	7927
9489	7928
8223	7929
6580	7930
9283	7931
7746	7932
5770	7933
3847	7934
7620	7935
9063	7936
743	7937
9467	7938
1735	7939
6723	7940
8661	7941
4785	7942
7628	7943
8062	7944
2433	7945
8257	7946
8042	7947
7082	7948
7176	7949
3286	7950
1663	7951
2752	7952
3777	7953
2703	7954
9376	7955
8715	7956
6651	7957
2298	7958
8776	7959
8345	7960
4322	7961
2916	7962
2404	7963
6046	7964
4914	7965
6362	7966
330	7967
6370	7968
3832	7969
8722	7970
5588	7971
2349	7972
4403	7973
9292	7974
8067	7975
4059	7976
8419	7977
8187	7978
3958	7979
4308	7980
8288	7981
6648	7982
270	7983
84	7984
8060	7985
1786	7986
3479	7987
3904	7988
1751	7989
6428	7990
2332	7991
1323	7992
1876	7993
7697	7994
3054	7995
6154	7996
1424	7997
9160	7998
4054	7999
7450	8000
5483	8001
9356	8002
937	8003
266	8004
7751	8005
1793	8006
2266	8007
9605	8008
2091	8009
18	8010
9316	8011
5088	8012
3670	8013
4425	8014
2324	8015
7709	8016
4944	8017
4015	8018
1312	8019
405	8020
8919	8021
1	8022
7015	8023
172	8024
2218	8025
1491	8026
9557	8027
5999	8028
9211	8029
6525	8030
347	8031
157	8032
852	8033
6161	8034
1552	8035
4813	8036
8198	8037
6205	8038
8559	8039
1967	8040
9485	8041
308	8042
3917	8043
6414	8044
4620	8045
7516	8046
5401	8047
3653	8048
3078	8049
4761	8050
2529	8051
1068	8052
4199	8053
1901	8054
6727	8055
9612	8056
2808	8057
5792	8058
447	8059
1354	8060
946	8061
9419	8062
4876	8063
568	8064
7565	8065
6607	8066
5544	8067
5646	8068
2099	8069
1326	8070
2292	8071
6299	8072
5597	8073
7076	8074
4061	8075
4011	8076
6789	8077
9319	8078
6683	8079
3907	8080
8499	8081
5155	8082
105	8083
2577	8084
5558	8085
1311	8086
8852	8087
4082	8088
1189	8089
2734	8090
9547	8091
8989	8092
7552	8093
7471	8094
3932	8095
1009	8096
8793	8097
6515	8098
4675	8099
8467	8100
8203	8101
4257	8102
3846	8103
127	8104
2865	8105
1955	8106
6423	8107
6057	8108
1936	8109
157	8110
8232	8111
4643	8112
3758	8113
3476	8114
6500	8115
9334	8116
5767	8117
2077	8118
3388	8119
3453	8120
8718	8121
9127	8122
1590	8123
7239	8124
169	8125
4463	8126
9229	8127
5742	8128
2831	8129
1905	8130
8464	8131
8665	8132
536	8133
6291	8134
2095	8135
7624	8136
9428	8137
3422	8138
6794	8139
3247	8140
462	8141
905	8142
6885	8143
4591	8144
5681	8145
3724	8146
3385	8147
7036	8148
3994	8149
4738	8150
9644	8151
1513	8152
7221	8153
4790	8154
6270	8155
1616	8156
5542	8157
4701	8158
2544	8159
41	8160
6866	8161
223	8162
2053	8163
8610	8164
6596	8165
2687	8166
3425	8167
2636	8168
3878	8169
7935	8170
1038	8171
6873	8172
5806	8173
3625	8174
6387	8175
2170	8176
2138	8177
879	8178
8457	8179
5286	8180
7018	8181
634	8182
2785	8183
5901	8184
7758	8185
850	8186
257	8187
6950	8188
7224	8189
1554	8190
7780	8191
2309	8192
1957	8193
1453	8194
6156	8195
4358	8196
4351	8197
5554	8198
8162	8199
2559	8200
1059	8201
7749	8202
1485	8203
9481	8204
4631	8205
4607	8206
682	8207
5533	8208
2820	8209
2015	8210
619	8211
5392	8212
7974	8213
5166	8214
3737	8215
1717	8216
6771	8217
8980	8218
7206	8219
3513	8220
229	8221
2710	8222
9008	8223
5109	8224
2111	8225
6890	8226
9055	8227
3454	8228
9384	8229
4275	8230
7213	8231
7413	8232
4664	8233
9515	8234
3081	8235
34	8236
4202	8237
112	8238
7603	8239
8237	8240
8709	8241
7376	8242
8171	8243
8679	8244
5674	8245
1986	8246
7909	8247
2497	8248
3316	8249
3398	8250
7995	8251
7589	8252
8334	8253
2006	8254
213	8255
4135	8256
1639	8257
7670	8258
7838	8259
8913	8260
7654	8261
5643	8262
9573	8263
310	8264
7627	8265
8200	8266
2133	8267
5963	8268
1889	8269
3481	8270
5563	8271
2403	8272
455	8273
2168	8274
7403	8275
8145	8276
8838	8277
8335	8278
450	8279
333	8280
4541	8281
6997	8282
131	8283
57	8284
8437	8285
8573	8286
7899	8287
9667	8288
880	8289
8511	8290
6182	8291
3263	8292
5869	8293
5208	8294
6843	8295
7400	8296
7969	8297
231	8298
1529	8299
2826	8300
6100	8301
3133	8302
1848	8303
5831	8304
8179	8305
7678	8306
4764	8307
435	8308
1703	8309
2325	8310
6826	8311
4444	8312
6732	8313
6517	8314
1665	8315
5953	8316
3576	8317
5201	8318
4937	8319
742	8320
7300	8321
6401	8322
306	8323
8788	8324
5778	8325
5216	8326
8744	8327
4009	8328
5178	8329
8659	8330
9520	8331
8660	8332
2598	8333
6090	8334
1484	8335
5046	8336
1767	8337
36	8338
2720	8339
8094	8340
9414	8341
7306	8342
2416	8343
1930	8344
2185	8345
3729	8346
9143	8347
9565	8348
2288	8349
2552	8350
8933	8351
7828	8352
1906	8353
4435	8354
8608	8355
8224	8356
4201	8357
734	8358
267	8359
8706	8360
9433	8361
2387	8362
8209	8363
8884	8364
7478	8365
972	8366
1366	8367
5850	8368
985	8369
9298	8370
936	8371
8552	8372
9125	8373
5848	8374
6921	8375
5518	8376
4188	8377
6722	8378
2080	8379
6947	8380
2425	8381
3329	8382
9572	8383
148	8384
6469	8385
9425	8386
8320	8387
7374	8388
1119	8389
4838	8390
2538	8391
2449	8392
7877	8393
5422	8394
9305	8395
6498	8396
8377	8397
2066	8398
9653	8399
2154	8400
8041	8401
6566	8402
38	8403
3786	8404
6861	8405
7922	8406
4560	8407
7576	8408
5677	8409
353	8410
4353	8411
3060	8412
2241	8413
1603	8414
3059	8415
4903	8416
5880	8417
519	8418
5635	8419
3609	8420
974	8421
2279	8422
4966	8423
2611	8424
8470	8425
2889	8426
5822	8427
6818	8428
2673	8429
7898	8430
1875	8431
4864	8432
867	8433
2340	8434
2890	8435
7662	8436
3522	8437
378	8438
8701	8439
8671	8440
5036	8441
1227	8442
79	8443
477	8444
7098	8445
7777	8446
5599	8447
9576	8448
5416	8449
5224	8450
6659	8451
7687	8452
7511	8453
6963	8454
171	8455
5332	8456
1568	8457
7810	8458
8570	8459
1407	8460
2150	8461
1258	8462
1999	8463
1319	8464
4237	8465
4459	8466
2495	8467
3401	8468
1911	8469
9504	8470
7482	8471
16	8472
9386	8473
3676	8474
7447	8475
6886	8476
9228	8477
3380	8478
133	8479
4671	8480
5383	8481
4382	8482
8407	8483
2235	8484
4877	8485
2795	8486
8583	8487
6570	8488
1425	8489
5644	8490
719	8491
3661	8492
198	8493
3605	8494
150	8495
595	8496
1375	8497
8954	8498
5142	8499
3514	8500
3252	8501
7264	8502
1313	8503
7991	8504
5467	8505
3751	8506
7180	8507
6296	8508
9370	8509
9037	8510
5163	8511
2186	8512
104	8513
1652	8514
2222	8515
5314	8516
6503	8517
6761	8518
5840	8519
7117	8520
4589	8521
4958	8522
1107	8523
9204	8524
5158	8525
5081	8526
6600	8527
9201	8528
6189	8529
4001	8530
3543	8531
8863	8532
73	8533
2545	8534
4673	8535
292	8536
6336	8537
2857	8538
5445	8539
7475	8540
5976	8541
8011	8542
843	8543
7436	8544
29	8545
3261	8546
1383	8547
2146	8548
5231	8549
7394	8550
3631	8551
4718	8552
1900	8553
4645	8554
7937	8555
8078	8556
7978	8557
3960	8558
5378	8559
9421	8560
9423	8561
710	8562
8877	8563
352	8564
5381	8565
7714	8566
6703	8567
7057	8568
5048	8569
4752	8570
5815	8571
1783	8572
9631	8573
464	8574
801	8575
1339	8576
5738	8577
5642	8578
6850	8579
3595	8580
7680	8581
2717	8582
9619	8583
5111	8584
2947	8585
6883	8586
6487	8587
2444	8588
7127	8589
4539	8590
7766	8591
8765	8592
4156	8593
5004	8594
7291	8595
896	8596
6485	8597
85	8598
960	8599
6425	8600
5664	8601
6742	8602
1017	8603
840	8604
2033	8605
4119	8606
1381	8607
3037	8608
7642	8609
612	8610
6324	8611
2926	8612
2573	8613
6660	8614
6662	8615
6317	8616
6800	8617
6581	8618
3148	8619
7570	8620
5451	8621
250	8622
6426	8623
6319	8624
134	8625
825	8626
6524	8627
7599	8628
1146	8629
6083	8630
2058	8631
4365	8632
5343	8633
7752	8634
2613	8635
301	8636
8932	8637
7366	8638
6619	8639
3015	8640
533	8641
8472	8642
599	8643
6767	8644
4654	8645
3540	8646
3816	8647
5662	8648
1021	8649
5452	8650
4808	8651
4031	8652
4921	8653
7722	8654
149	8655
4319	8656
7497	8657
8959	8658
8737	8659
2621	8660
8302	8661
6116	8662
3963	8663
3642	8664
6685	8665
8035	8666
2994	8667
7097	8668
7701	8669
9294	8670
8647	8671
8621	8672
8174	8673
504	8674
8373	8675
7064	8676
4231	8677
1808	8678
7072	8679
6536	8680
5990	8681
8160	8682
7250	8683
7660	8684
575	8685
4554	8686
9570	8687
3277	8688
60	8689
3773	8690
3709	8691
8845	8692
8133	8693
6572	8694
7825	8695
7285	8696
78	8697
1253	8698
1058	8699
9	8700
5110	8701
5294	8702
4479	8703
2454	8704
5682	8705
248	8706
4956	8707
5264	8708
5993	8709
5312	8710
1791	8711
4656	8712
8124	8713
7892	8714
348	8715
8307	8716
7534	8717
6720	8718
172	8719
1902	8720
1504	8721
147	8722
471	8723
4692	8724
7977	8725
3515	8726
2724	8727
7718	8728
9245	8729
8484	8730
2861	8731
5755	8732
1633	8733
2158	8734
2203	8735
1342	8736
7467	8737
1854	8738
6979	8739
9469	8740
2590	8741
7573	8742
7367	8743
526	8744
5730	8745
3584	8746
478	8747
1370	8748
501	8749
8122	8750
8317	8751
5113	8752
8870	8753
4574	8754
6689	8755
9086	8756
1627	8757
9180	8758
6594	8759
6829	8760
2	8761
1541	8762
6902	8763
2601	8764
5339	8765
8276	8766
6924	8767
2543	8768
2031	8769
4214	8770
4450	8771
7396	8772
1582	8773
7607	8774
3992	8775
22	8776
6176	8777
6215	8778
9326	8779
6344	8780
8477	8781
1635	8782
1597	8783
9415	8784
5361	8785
7782	8786
6974	8787
6436	8788
6079	8789
2640	8790
6434	8791
3624	8792
2937	8793
3362	8794
2248	8795
7496	8796
232	8797
6146	8798
4369	8799
6489	8800
6737	8801
4917	8802
3556	8803
1172	8804
2307	8805
7586	8806
9471	8807
8783	8808
2952	8809
3794	8810
2360	8811
5297	8812
6247	8813
9053	8814
6917	8815
7988	8816
6756	8817
9606	8818
6822	8819
6752	8820
5931	8821
6028	8822
6937	8823
1569	8824
3887	8825
6398	8826
1790	8827
911	8828
7024	8829
1254	8830
6632	8831
837	8832
9089	8833
8885	8834
8844	8835
9329	8836
4172	8837
7659	8838
8267	8839
47	8840
3820	8841
6407	8842
6824	8843
7611	8844
8240	8845
6022	8846
3875	8847
4713	8848
2382	8849
7138	8850
6504	8851
4315	8852
3497	8853
6588	8854
7353	8855
7966	8856
7968	8857
3033	8858
1535	8859
1689	8860
2234	8861
6641	8862
6954	8863
5726	8864
640	8865
5582	8866
3812	8867
203	8868
3153	8869
19	8870
8694	8871
3995	8872
8073	8873
6186	8874
8475	8875
4339	8876
3936	8877
1586	8878
7174	8879
2528	8880
7044	8881
5944	8882
3981	8883
2917	8884
5939	8885
7744	8886
3013	8887
3	8888
7094	8889
2355	8890
1173	8891
4906	8892
7231	8893
7641	8894
8560	8895
4198	8896
2179	8897
1230	8898
9158	8899
8281	8900
7219	8901
7369	8902
2580	8903
2052	8904
2188	8905
627	8906
9303	8907
683	8908
6131	8909
1135	8910
1538	8911
6148	8912
5168	8913
1029	8914
7056	8915
233	8916
1704	8917
8887	8918
2019	8919
6552	8920
9256	8921
5797	8922
4496	8923
3365	8924
2666	8925
8142	8926
3360	8927
5687	8928
7119	8929
9495	8930
8432	8931
7152	8932
964	8933
8490	8934
2644	8935
311	8936
6004	8937
9490	8938
6994	8939
364	8940
8683	8941
2788	8942
3135	8943
6286	8944
3099	8945
7455	8946
60	8947
6571	8948
3184	8949
2819	8950
8509	8951
6157	8952
293	8953
5740	8954
208	8955
6309	8956
9621	8957
243	8958
7505	8959
1063	8960
2063	8961
5014	8962
4604	8963
8916	8964
8355	8965
2693	8966
5707	8967
7199	8968
5737	8969
158	8970
1	8971
8814	8972
1222	8973
2314	8974
4475	8975
3321	8976
8328	8977
5123	8978
7696	8979
96	8980
2061	8981
6413	8982
5860	8983
9620	8984
296	8985
7337	8986
1245	8987
2121	8988
6032	8989
7644	8990
7928	8991
3071	8992
2551	8993
3467	8994
411	8995
4940	8996
192	8997
8204	8998
7266	8999
5122	9000
5539	9001
649	9002
2296	9003
4848	9004
8865	9005
8383	9006
8116	9007
404	9008
1797	9009
3439	9010
9020	9011
5973	9012
1294	9013
9121	9014
1693	9015
5626	9016
2685	9017
2958	9018
3241	9019
244	9020
616	9021
1042	9022
200	9023
2589	9024
4447	9025
43	9026
4396	9027
926	9028
2658	9029
887	9030
9338	9031
8177	9032
2975	9033
111	9034
8305	9035
5978	9036
6713	9037
2486	9038
5706	9039
1386	9040
6639	9041
2660	9042
6728	9043
100	9044
1265	9045
2922	9046
8862	9047
1002	9048
6158	9049
3928	9050
4719	9051
6762	9052
6266	9053
8108	9054
8730	9055
3004	9056
5889	9057
56	9058
241	9059
80	9060
6246	9061
6834	9062
5833	9063
1281	9064
288	9065
8510	9066
919	9067
3266	9068
5942	9069
6906	9070
903	9071
2013	9072
4151	9073
3269	9074
3104	9075
3826	9076
1777	9077
279	9078
2408	9079
3984	9080
8632	9081
1872	9082
822	9083
1600	9084
4327	9085
7932	9086
2888	9087
8044	9088
4260	9089
2246	9090
9162	9091
9558	9092
2024	9093
8716	9094
789	9095
45	9096
6012	9097
577	9098
5232	9099
3944	9100
124	9101
4094	9102
14	9103
6202	9104
520	9105
3735	9106
129	9107
9529	9108
1051	9109
57	9110
5424	9111
7009	9112
9502	9113
3490	9114
1299	9115
390	9116
7939	9117
4486	9118
5398	9119
3889	9120
3693	9121
5950	9122
8337	9123
8750	9124
8304	9125
39	9126
5427	9127
1988	9128
2226	9129
4767	9130
580	9131
8687	9132
254	9133
2805	9134
8517	9135
970	9136
3216	9137
8172	9138
9600	9139
141	9140
6192	9141
7912	9142
323	9143
3706	9144
302	9145
108	9146
4905	9147
7787	9148
516	9149
7537	9150
4793	9151
8843	9152
6333	9153
733	9154
7688	9155
5697	9156
139	9157
50	9158
6120	9159
5535	9160
5772	9161
230	9162
2649	9163
1039	9164
74	9165
6199	9166
7312	9167
2372	9168
4540	9169
290	9170
3558	9171
5749	9172
4789	9173
6790	9174
284	9175
2782	9176
2315	9177
7513	9178
249	9179
371	9180
7862	9181
8579	9182
2804	9183
169	9184
5157	9185
8514	9186
1628	9187
6265	9188
8029	9189
4368	9190
8420	9191
3212	9192
6322	9193
3025	9194
8090	9195
1743	9196
9328	9197
4064	9198
2995	9199
5777	9200
6125	9201
174	9202
1775	9203
8545	9204
5293	9205
6952	9206
2356	9207
2873	9208
1806	9209
6707	9210
1316	9211
6647	9212
2467	9213
1152	9214
7344	9215
6160	9216
4347	9217
4055	9218
5537	9219
8751	9220
225	9221
1356	9222
498	9223
7002	9224
9001	9225
3819	9226
3715	9227
2014	9228
6494	9229
3303	9230
7368	9231
6349	9232
9320	9233
3627	9234
7958	9235
1268	9236
4020	9237
1397	9238
8531	9239
4384	9240
2343	9241
6424	9242
1477	9243
7065	9244
2183	9245
7725	9246
1714	9247
5786	9248
9070	9249
7014	9250
9562	9251
2459	9252
3575	9253
8541	9254
5527	9255
3236	9256
7982	9257
5458	9258
7801	9259
475	9260
4525	9261
4445	9262
2072	9263
3626	9264
7169	9265
3982	9266
466	9267
9589	9268
9540	9269
929	9270
8813	9271
6260	9272
4285	9273
5837	9274
849	9275
5494	9276
2832	9277
1118	9278
8888	9279
2617	9280
7183	9281
1437	9282
9639	9283
7191	9284
1747	9285
4430	9286
3475	9287
6195	9288
3517	9289
1365	9290
7822	9291
1637	9292
4700	9293
7520	9294
798	9295
4283	9296
5736	9297
6804	9298
1863	9299
8731	9300
6814	9301
470	9302
8577	9303
7481	9304
1533	9305
1560	9306
170	9307
4786	9308
3649	9309
2166	9310
8615	9311
761	9312
9412	9313
1838	9314
4288	9315
70	9316
541	9317
6941	9318
4842	9319
5477	9320
5334	9321
1361	9322
3560	9323
7227	9324
6806	9325
2135	9326
856	9327
9508	9328
3827	9329
8506	9330
7933	9331
2137	9332
8135	9333
1451	9334
5969	9335
2207	9336
3760	9337
7003	9338
4216	9339
7464	9340
3448	9341
2764	9342
5077	9343
5923	9344
6449	9345
5097	9346
7229	9347
3672	9348
4376	9349
7267	9350
7850	9351
6067	9352
5083	9353
3327	9354
6451	9355
4740	9356
2463	9357
4680	9358
2338	9359
295	9360
5188	9361
6755	9362
4854	9363
9649	9364
2875	9365
2856	9366
1297	9367
7720	9368
1729	9369
4419	9370
3335	9371
4196	9372
7068	9373
670	9374
332	9375
4950	9376
5270	9377
1978	9378
2869	9379
6300	9380
1191	9381
1705	9382
7288	9383
8027	9384
5106	9385
8574	9386
2318	9387
213	9388
3419	9389
1557	9390
4806	9391
6063	9392
7830	9393
3359	9394
4795	9395
27	9396
7609	9397
6872	9398
5909	9399
5459	9400
1333	9401
4453	9402
7106	9403
8456	9404
1207	9405
4106	9406
6212	9407
4544	9408
8225	9409
8705	9410
7657	9411
3559	9412
3519	9413
1387	9414
7885	9415
8835	9416
6531	9417
8139	9418
7070	9419
4947	9420
6562	9421
6263	9422
7917	9423
5120	9424
8943	9425
3287	9426
5177	9427
7699	9428
8581	9429
7544	9430
5008	9431
4769	9432
6229	9433
5771	9434
5336	9435
5625	9436
7868	9437
3289	9438
1573	9439
259	9440
6220	9441
7707	9442
8053	9443
8840	9444
6108	9445
729	9446
5278	9447
8834	9448
2709	9449
555	9450
8977	9451
8260	9452
198	9453
9088	9454
2120	9455
7756	9456
5462	9457
5338	9458
4949	9459
2745	9460
6506	9461
1730	9462
4874	9463
6140	9464
95	9465
1699	9466
845	9467
4014	9468
95	9469
9632	9470
9488	9471
6877	9472
5484	9473
6110	9474
468	9475
21	9476
8808	9477
7163	9478
168	9479
4166	9480
3976	9481
2641	9482
5514	9483
3598	9484
33	9485
6071	9486
6164	9487
6281	9488
25	9489
6077	9490
5827	9491
5753	9492
5805	9493
6417	9494
690	9495
250	9496
5064	9497
8851	9498
4545	9499
1842	9500
4005	9501
628	9502
513	9503
1844	9504
3527	9505
9172	9506
7276	9507
7923	9508
1973	9509
3530	9510
3862	9511
3251	9512
5042	9513
3096	9514
6557	9515
5101	9516
9231	9517
1127	9518
1060	9519
7541	9520
4509	9521
5239	9522
2327	9523
8068	9524
1512	9525
144	9526
9487	9527
2265	9528
2755	9529
601	9530
7399	9531
8800	9532
7226	9533
10	9534
6274	9535
7314	9536
287	9537
3638	9538
4245	9539
7109	9540
2055	9541
7551	9542
2661	9543
4978	9544
718	9545
6844	9546
7319	9547
1115	9548
2980	9549
5701	9550
4255	9551
6025	9552
3646	9553
7593	9554
6297	9555
5300	9556
4168	9557
8168	9558
1324	9559
3010	9560
3461	9561
2967	9562
2921	9563
92	9564
5526	9565
865	9566
2334	9567
242	9568
1947	9569
641	9570
8255	9571
167	9572
1310	9573
2903	9574
6248	9575
5360	9576
5630	9577
9362	9578
8634	9579
6593	9580
127	9581
8322	9582
4072	9583
7188	9584
5619	9585
6976	9586
3880	9587
2680	9588
2272	9589
2384	9590
4273	9591
2524	9592
5044	9593
370	9594
617	9595
1411	9596
8533	9597
3141	9598
6320	9599
7203	9600
656	9601
2778	9602
7253	9603
5983	9604
5423	9605
1246	9606
3943	9607
2774	9608
4613	9609
833	9610
1040	9611
6037	9612
1625	9613
2255	9614
5079	9615
5247	9616
9069	9617
6224	9618
9499	9619
6969	9620
6483	9621
4677	9622
4021	9623
4575	9624
7108	9625
2783	9626
5281	9627
4325	9628
6631	9629
6441	9630
4427	9631
2204	9632
3379	9633
4828	9634
6359	9635
9561	9636
7564	9637
45	9638
6750	9639
3582	9640
3498	9641
2281	9642
4460	9643
8791	9644
4176	9645
2600	9646
7788	9647
2494	9648
5148	9649
3155	9650
2664	9651
866	9652
4520	9653
3611	9654
4413	9655
4312	9656
1722	9657
836	9658
2692	9659
6888	9660
361	9661
6784	9662
688	9663
482	9664
7005	9665
4763	9666
8710	9667
8269	9668
4243	9669
3779	9670
6188	9671
1860	9672
2001	9673
3858	9674
5928	9675
1488	9676
7234	9677
183	9678
514	9679
2900	9680
5520	9681
9270	9682
5135	9683
3980	9684
2347	9685
4585	9686
1724	9687
5525	9688
6521	9689
7542	9690
5974	9691
9109	9692
6847	9693
7894	9694
239	9695
9057	9696
4133	9697
1744	9698
9249	9699
1308	9700
8261	9701
8047	9702
3386	9703
2143	9704
6876	9705
3684	9706
5093	9707
4990	9708
5251	9709
4512	9710
8712	9711
1942	9712
2677	9713
4529	9714
3226	9715
4810	9716
844	9717
3106	9718
2727	9719
9106	9720
8245	9721
4019	9722
5565	9723
799	9724
6960	9725
107	9726
7833	9727
871	9728
547	9729
3095	9730
1763	9731
380	9732
551	9733
8400	9734
3495	9735
5119	9736
5935	9737
7558	9738
2229	9739
2004	9740
3100	9741
2854	9742
2115	9743
3864	9744
8522	9745
9042	9746
6493	9747
2838	9748
8205	9749
8873	9750
3144	9751
3427	9752
2455	9753
2563	9754
6021	9755
3881	9756
7038	9757
84	9758
5080	9759
5604	9760
287	9761
1602	9762
7598	9763
8344	9764
6903	9765
5577	9766
9626	9767
4069	9768
5283	9769
4375	9770
62	9771
2985	9772
7710	9773
7420	9774
4568	9775
1968	9776
3474	9777
934	9778
7806	9779
2197	9780
2823	9781
2520	9782
6395	9783
3433	9784
5756	9785
1938	9786
259	9787
9476	9788
140	9789
5112	9790
9285	9791
9227	9792
9642	9793
4109	9794
5027	9795
5047	9796
1480	9797
3555	9798
8929	9799
1055	9800
6943	9801
207	9802
4608	9803
8480	9804
263	9805
5581	9806
8272	9807
9103	9808
350	9809
2300	9810
1208	9811
16	9812
3489	9813
2302	9814
4919	9815
1890	9816
1787	9817
7485	9818
8882	9819
6992	9820
9353	9821
4641	9822
1708	9823
8805	9824
5379	9825
4003	9826
285	9827
7223	9828
5861	9829
8949	9830
1678	9831
1598	9832
6429	9833
177	9834
2268	9835
2645	9836
5263	9837
6040	9838
5785	9839
4235	9840
9223	9841
4048	9842
2784	9843
4847	9844
4593	9845
3721	9846
7157	9847
6725	9848
4602	9849
546	9850
9635	9851
3674	9852
6197	9853
1206	9854
6927	9855
8426	9856
9116	9857
5775	9858
678	9859
324	9860
8720	9861
1553	9862
4536	9863
5073	9864
2942	9865
3692	9866
923	9867
3176	9868
6294	9869
8558	9870
214	9871
7529	9872
3681	9873
3468	9874
7819	9875
5704	9876
1423	9877
4088	9878
762	9879
6583	9880
2377	9881
6672	9882
5883	9883
459	9884
912	9885
9083	9886
181	9887
1124	9888
5727	9889
5302	9890
6	9891
3304	9892
1228	9893
6118	9894
2212	9895
7976	9896
9324	9897
5181	9898
869	9899
9410	9900
9571	9901
9581	9902
1715	9903
1817	9904
5547	9905
5898	9906
1286	9907
1289	9908
3377	9909
3855	9910
3282	9911
5060	9912
3411	9913
9623	9914
1945	9915
6620	9916
162	9917
8120	9918
5948	9919
3438	9920
2620	9921
274	9922
1095	9923
2286	9924
381	9925
8357	9926
3565	9927
3443	9928
806	9929
8297	9930
1255	9931
397	9932
1688	9933
8285	9934
7881	9935
8380	9936
2708	9937
665	9938
6256	9939
8968	9940
206	9941
208	9942
2862	9943
4816	9944
292	9945
7113	9946
3341	9947
6094	9948
9372	9949
2532	9950
9470	9951
5028	9952
7173	9953
552	9954
638	9955
8603	9956
2567	9957
3634	9958
8979	9959
5180	9960
4155	9961
7212	9962
3573	9963
43	9964
2044	9965
4299	9966
8535	9967
1006	9968
2877	9969
4799	9970
3705	9971
8795	9972
8939	9973
2962	9974
8946	9975
6717	9976
1780	9977
3999	9978
878	9979
4819	9980
7302	9981
1828	9982
1072	9983
3047	9984
1821	9985
5857	9986
1188	9987
4131	9988
6121	9989
1880	9990
1426	9991
2225	9992
2655	9993
6490	9994
162	9995
4393	9996
6894	9997
7167	9998
8915	9999
5102	10000
