102	1
1990	2
7173	3
4812	4
1881	5
625	6
7111	7
193	8
6270	9
8937	10
3054	11
2843	12
7018	13
7842	14
7254	15
8576	16
9045	17
5679	18
1272	19
2286	20
2335	21
84	22
1148	23
715	24
9447	25
2794	26
2479	27
8234	28
6627	29
5019	30
4977	31
674	32
9502	33
2262	34
5618	35
6719	36
7652	37
2004	38
8220	39
3972	40
7252	41
6576	42
2959	43
3498	44
7742	45
8302	46
846	47
1081	48
7226	49
2978	50
7308	51
9407	52
842	53
4158	54
8091	55
3178	56
3775	57
3299	58
9235	59
1486	60
8766	61
5863	62
9847	63
508	64
9378	65
6807	66
9326	67
4086	68
279	69
1521	70
3253	71
4626	72
7370	73
219	74
7244	75
4519	76
8394	77
9291	78
1064	79
454	80
2780	81
5121	82
5631	83
4171	84
7570	85
1993	86
8579	87
9069	88
8494	89
27	90
9687	91
1269	92
3442	93
4506	94
1653	95
635	96
6346	97
8543	98
6902	99
3984	100
1663	101
8359	102
8574	103
4757	104
2087	105
5850	106
8326	107
5708	108
7348	109
9041	110
2629	111
1516	112
211	113
9625	114
956	115
5842	116
6647	117
9108	118
3673	119
7803	120
226	121
4720	122
3003	123
9551	124
6449	125
5336	126
7716	127
6653	128
4568	129
4722	130
1792	131
3977	132
3482	133
2913	134
6269	135
333	136
8118	137
6427	138
3148	139
4153	140
7880	141
6400	142
7356	143
7242	144
8988	145
8385	146
1190	147
7239	148
8845	149
1468	150
3034	151
3374	152
7628	153
55	154
4465	155
2327	156
1503	157
8958	158
8303	159
5526	160
3241	161
9374	162
1474	163
1129	164
9415	165
7964	166
9804	167
5	168
6858	169
1580	170
3958	171
2224	172
8244	173
5807	174
8427	175
5388	176
9771	177
8213	178
9573	179
263	180
3039	181
6555	182
8460	183
4001	184
196	185
3662	186
7645	187
596	188
1893	189
1128	190
3871	191
7900	192
8086	193
6548	194
1728	195
6958	196
5368	197
7401	198
8407	199
4138	200
8891	201
9310	202
5742	203
7679	204
9071	205
1287	206
9292	207
8366	208
8261	209
2807	210
3049	211
7223	212
3761	213
2576	214
9595	215
947	216
6250	217
8747	218
5300	219
914	220
7939	221
91	222
9212	223
478	224
7312	225
2960	226
2694	227
7372	228
9560	229
7621	230
4091	231
2680	232
336	233
2712	234
4654	235
3134	236
1624	237
3784	238
3986	239
9072	240
9864	241
4071	242
2588	243
2610	244
1415	245
6415	246
7358	247
4349	248
1416	249
4736	250
5212	251
2501	252
2922	253
6388	254
2921	255
1091	256
4016	257
1271	258
1669	259
8513	260
4239	261
5911	262
1515	263
9568	264
7948	265
7669	266
9752	267
4849	268
4737	269
6502	270
7811	271
7465	272
4957	273
3310	274
7475	275
6077	276
4342	277
9616	278
120	279
1228	280
9680	281
3484	282
348	283
8022	284
595	285
9282	286
5806	287
5343	288
8793	289
4909	290
3811	291
7263	292
4713	293
876	294
9716	295
9833	296
3580	297
6586	298
8926	299
8467	300
2630	301
8025	302
1379	303
5479	304
7395	305
1217	306
8642	307
4608	308
778	309
3851	310
369	311
6676	312
7990	313
8484	314
476	315
2219	316
9057	317
4904	318
1143	319
3652	320
7796	321
5860	322
3142	323
3844	324
6049	325
93	326
3200	327
5588	328
9744	329
1354	330
16	331
8949	332
68	333
8640	334
7592	335
9197	336
2086	337
3041	338
7992	339
7895	340
9503	341
1307	342
4151	343
4627	344
6670	345
6072	346
1443	347
2220	348
5685	349
2291	350
5566	351
4637	352
8963	353
6888	354
5377	355
7723	356
2249	357
7251	358
3742	359
6569	360
6824	361
2500	362
57	363
4006	364
2787	365
4841	366
2644	367
9034	368
189	369
7450	370
837	371
8107	372
302	373
5140	374
4211	375
6841	376
5211	377
6862	378
8622	379
1931	380
4822	381
6820	382
7061	383
9590	384
375	385
7024	386
8636	387
5024	388
6911	389
7503	390
5118	391
3195	392
547	393
9588	394
2554	395
910	396
3649	397
3446	398
1929	399
9608	400
3590	401
2164	402
1318	403
543	404
1561	405
4460	406
8835	407
6149	408
3806	409
5675	410
3349	411
760	412
7970	413
4175	414
3115	415
5584	416
6721	417
239	418
4559	419
3725	420
5572	421
9138	422
8478	423
3359	424
2806	425
6622	426
5190	427
4638	428
2890	429
3759	430
9037	431
2512	432
5412	433
9628	434
4252	435
7317	436
2040	437
346	438
8064	439
3681	440
3352	441
9225	442
3062	443
3343	444
517	445
9809	446
580	447
8507	448
745	449
5165	450
1376	451
5439	452
8610	453
4908	454
4630	455
5095	456
6822	457
1690	458
4049	459
9372	460
3727	461
3762	462
6894	463
7369	464
7658	465
3201	466
5144	467
5083	468
2450	469
8177	470
6204	471
3702	472
3537	473
5636	474
2943	475
7297	476
3957	477
2418	478
1759	479
326	480
2937	481
3683	482
1692	483
8918	484
838	485
6519	486
7608	487
2278	488
7416	489
3012	490
1085	491
8704	492
3467	493
703	494
1769	495
2868	496
4132	497
5401	498
4856	499
9188	500
6424	501
5065	502
1253	503
4657	504
5027	505
7035	506
6026	507
1922	508
4007	509
6398	510
7267	511
5141	512
2482	513
5005	514
3830	515
6896	516
4209	517
9482	518
5869	519
9575	520
9215	521
2727	522
8059	523
2163	524
4926	525
9522	526
5612	527
5580	528
4473	529
9428	530
3754	531
2839	532
7095	533
6422	534
3234	535
6136	536
5517	537
1477	538
7993	539
5214	540
2188	541
5704	542
3692	543
2643	544
938	545
9649	546
8010	547
2805	548
7771	549
5923	550
4742	551
2227	552
1850	553
7059	554
7718	555
6510	556
4712	557
2390	558
1481	559
472	560
2131	561
3289	562
5795	563
1490	564
3339	565
5496	566
5100	567
7493	568
5677	569
6467	570
6085	571
4765	572
9779	573
1852	574
5852	575
4426	576
2948	577
6909	578
4189	579
577	580
2192	581
7179	582
7210	583
516	584
661	585
514	586
8590	587
3516	588
1805	589
3721	590
2223	591
3744	592
3489	593
4458	594
247	595
7749	596
701	597
420	598
6022	599
515	600
3126	601
8960	602
3311	603
8679	604
9678	605
8446	606
3586	607
854	608
7808	609
3629	610
5278	611
7783	612
327	613
3047	614
1289	615
6292	616
3016	617
8424	618
146	619
1452	620
8538	621
8792	622
3417	623
3868	624
2758	625
4414	626
1114	627
111	628
9640	629
8545	630
7821	631
7380	632
2484	633
9737	634
5013	635
1323	636
7945	637
2506	638
7386	639
7062	640
8655	641
8605	642
6691	643
8861	644
9821	645
8082	646
3901	647
3798	648
6516	649
7878	650
8410	651
3733	652
1673	653
6638	654
2066	655
5132	656
3967	657
3808	658
6080	659
8947	660
42	661
6095	662
4348	663
9851	664
150	665
2312	666
4852	667
7457	668
3743	669
7662	670
8619	671
4275	672
9432	673
3098	674
8909	675
3080	676
8839	677
5117	678
9735	679
8312	680
4245	681
3856	682
58	683
6977	684
3823	685
6607	686
4145	687
9766	688
5748	689
6934	690
5740	691
9238	692
6310	693
4031	694
1562	695
8493	696
3615	697
5171	698
3355	699
2739	700
5120	701
5316	702
1078	703
7834	704
581	705
4325	706
3325	707
8447	708
818	709
7761	710
6710	711
4083	712
5661	713
5201	714
4066	715
4057	716
2579	717
181	718
5335	719
6272	720
1115	721
893	722
7068	723
1761	724
3822	725
1080	726
4746	727
6602	728
1685	729
1888	730
6878	731
4333	732
1820	733
6367	734
958	735
8514	736
3470	737
2287	738
988	739
5045	740
5400	741
5037	742
5864	743
6507	744
1413	745
8129	746
9700	747
8358	748
3897	749
2925	750
5781	751
5720	752
3416	753
2049	754
8952	755
4003	756
8858	757
9831	758
1029	759
1075	760
418	761
3943	762
6754	763
8400	764
2265	765
5218	766
1045	767
8676	768
727	769
424	770
6815	771
5655	772
3511	773
2421	774
5770	775
5447	776
2810	777
948	778
7912	779
5090	780
1035	781
8150	782
7595	783
2563	784
4523	785
290	786
870	787
3122	788
6113	789
1030	790
5043	791
5689	792
8339	793
4537	794
5033	795
3283	796
324	797
5777	798
9111	799
915	800
368	801
2904	802
1158	803
1181	804
2411	805
5968	806
4693	807
4596	808
3554	809
8509	810
7412	811
1319	812
5363	813
3785	814
9710	815
1480	816
2110	817
26	818
9038	819
880	820
3838	821
6817	822
4581	823
8872	824
2231	825
7893	826
5821	827
6680	828
9399	829
3181	830
8275	831
6826	832
9187	833
6116	834
4199	835
1943	836
389	837
3814	838
8453	839
7932	840
4094	841
7276	842
2352	843
4711	844
3137	845
240	846
4415	847
6573	848
1495	849
7105	850
5811	851
9659	852
1263	853
4321	854
2677	855
8123	856
8471	857
5402	858
2028	859
589	860
4421	861
221	862
5879	863
5979	864
5491	865
675	866
1417	867
6329	868
8751	869
6681	870
6749	871
6347	872
3154	873
1142	874
8065	875
9652	876
6260	877
4786	878
5008	879
8458	880
8621	881
8982	882
8313	883
3102	884
2011	885
4004	886
6656	887
4931	888
583	889
2038	890
3619	891
2652	892
3194	893
6701	894
1911	895
2252	896
739	897
7549	898
8046	899
4152	900
6694	901
3434	902
9324	903
1168	904
6181	905
2129	906
7014	907
7083	908
1321	909
7285	910
7544	911
2833	912
884	913
9714	914
6784	915
6876	916
1493	917
2919	918
3409	919
878	920
69	921
7986	922
3050	923
1576	924
3282	925
2308	926
4498	927
5379	928
4662	929
9091	930
9565	931
5759	932
606	933
4569	934
1273	935
8796	936
4241	937
5813	938
6179	939
169	940
1127	941
4821	942
5420	943
1804	944
4876	945
4813	946
3993	947
5060	948
9704	949
7116	950
3401	951
46	952
4127	953
3247	954
7394	955
9035	956
2022	957
2117	958
2292	959
9209	960
9081	961
9723	962
1073	963
1781	964
5591	965
4286	966
3474	967
451	968
2880	969
9146	970
305	971
1916	972
3738	973
9099	974
9654	975
610	976
1784	977
4941	978
106	979
1914	980
6552	981
1567	982
5878	983
6012	984
9394	985
3779	986
1732	987
4135	988
6056	989
4370	990
9216	991
8798	992
1170	993
9370	994
4730	995
9597	996
164	997
78	998
6048	999
8149	1000
2	1001
466	1002
8843	1003
4298	1004
624	1005
2515	1006
1311	1007
495	1008
6921	1009
4266	1010
8948	1011
7159	1012
5698	1013
3381	1014
6178	1015
1498	1016
1268	1017
276	1018
6971	1019
8028	1020
9375	1021
7673	1022
5101	1023
6736	1024
6152	1025
7361	1026
9686	1027
2146	1028
31	1029
3704	1030
5315	1031
7118	1032
8925	1033
3292	1034
1302	1035
2716	1036
4994	1037
6052	1038
1482	1039
9762	1040
2822	1041
6173	1042
7198	1043
5826	1044
4922	1045
2875	1046
984	1047
8325	1048
9878	1049
90	1050
7154	1051
7341	1052
2863	1053
5176	1054
1286	1055
4295	1056
7152	1057
5657	1058
2073	1059
84	1060
2785	1061
4233	1062
243	1063
4076	1064
5999	1065
4929	1066
1109	1067
6765	1068
2363	1069
4389	1070
9463	1071
6707	1072
3170	1073
4748	1074
2193	1075
7455	1076
4954	1077
7767	1078
8306	1079
4863	1080
8172	1081
5653	1082
4576	1083
9345	1084
4509	1085
1563	1086
9548	1087
802	1088
5604	1089
4944	1090
7422	1091
4182	1092
786	1093
6007	1094
2673	1095
5350	1096
102	1097
6782	1098
923	1099
7299	1100
1251	1101
8729	1102
7353	1103
7826	1104
439	1105
7641	1106
172	1107
1930	1108
3279	1109
1144	1110
1135	1111
5128	1112
7153	1113
8031	1114
9036	1115
5466	1116
9567	1117
3789	1118
9018	1119
8813	1120
1237	1121
6537	1122
7863	1123
1450	1124
74	1125
3924	1126
3246	1127
9759	1128
877	1129
6514	1130
4024	1131
3792	1132
7060	1133
8343	1134
9224	1135
6060	1136
3075	1137
3159	1138
37	1139
7504	1140
4490	1141
9220	1142
7791	1143
104	1144
8620	1145
2521	1146
7907	1147
3189	1148
785	1149
9614	1150
8029	1151
8856	1152
9690	1153
3870	1154
1164	1155
5355	1156
1970	1157
3802	1158
3357	1159
3118	1160
4184	1161
4995	1162
2148	1163
6695	1164
3042	1165
7469	1166
2382	1167
7194	1168
2202	1169
5910	1170
6166	1171
7402	1172
400	1173
7531	1174
3610	1175
9706	1176
1936	1177
213	1178
1909	1179
7543	1180
8875	1181
7698	1182
9782	1183
7425	1184
8832	1185
9501	1186
2804	1187
2304	1188
7564	1189
1696	1190
5557	1191
4867	1192
8329	1193
7205	1194
7511	1195
2062	1196
91	1197
4307	1198
6969	1199
3396	1200
9601	1201
63	1202
3397	1203
7295	1204
4200	1205
9720	1206
7995	1207
1206	1208
3383	1209
3934	1210
82	1211
6976	1212
1083	1213
9504	1214
8541	1215
8416	1216
765	1217
8456	1218
8047	1219
5797	1220
9251	1221
22	1222
3270	1223
7882	1224
388	1225
6189	1226
7869	1227
3091	1228
7078	1229
4700	1230
8331	1231
3654	1232
2623	1233
9	1234
6837	1235
5569	1236
9115	1237
4288	1238
3350	1239
5390	1240
8756	1241
3992	1242
7877	1243
4270	1244
1780	1245
2912	1246
4064	1247
1364	1248
6872	1249
5309	1250
1903	1251
8340	1252
6267	1253
3013	1254
737	1255
1684	1256
8940	1257
4538	1258
4943	1259
8397	1260
4177	1261
8001	1262
7625	1263
4699	1264
6790	1265
8770	1266
5079	1267
9433	1268
4544	1269
3867	1270
5646	1271
3369	1272
3862	1273
8449	1274
8686	1275
1082	1276
3795	1277
5799	1278
2391	1279
3273	1280
5374	1281
1556	1282
9390	1283
9879	1284
3587	1285
2158	1286
5143	1287
4590	1288
2338	1289
474	1290
2069	1291
4194	1292
6195	1293
613	1294
113	1295
7238	1296
3161	1297
3493	1298
2845	1299
781	1300
6354	1301
3337	1302
8993	1303
7725	1304
98	1305
7923	1306
2228	1307
3780	1308
5701	1309
1867	1310
4827	1311
8841	1312
7253	1313
5565	1314
6394	1315
1021	1316
2757	1317
1584	1318
2510	1319
2660	1320
9682	1321
9299	1322
423	1323
6571	1324
6527	1325
8653	1326
3431	1327
5738	1328
8517	1329
4790	1330
9650	1331
7795	1332
9294	1333
6883	1334
7334	1335
6487	1336
3563	1337
229	1338
6672	1339
4276	1340
1077	1341
920	1342
8368	1343
5102	1344
6612	1345
5403	1346
2294	1347
5901	1348
3496	1349
2665	1350
4098	1351
1010	1352
1605	1353
2092	1354
7017	1355
6768	1356
2583	1357
3317	1358
6949	1359
8205	1360
8258	1361
8991	1362
1071	1363
2688	1364
4567	1365
7315	1366
7139	1367
53	1368
7157	1369
2566	1370
1159	1371
9128	1372
8665	1373
2749	1374
6298	1375
5539	1376
6530	1377
3605	1378
574	1379
8277	1380
4027	1381
2658	1382
7849	1383
4411	1384
3372	1385
7755	1386
6297	1387
7032	1388
1517	1389
1822	1390
2230	1391
4738	1392
6897	1393
1968	1394
2243	1395
3801	1396
4025	1397
9679	1398
6604	1399
223	1400
4185	1401
8583	1402
372	1403
2184	1404
8692	1405
8488	1406
6167	1407
1862	1408
6344	1409
160	1410
2144	1411
5224	1412
8785	1413
5325	1414
309	1415
163	1416
2553	1417
1119	1418
7048	1419
8469	1420
2346	1421
6588	1422
8723	1423
4330	1424
9140	1425
9208	1426
5896	1427
3097	1428
8185	1429
5500	1430
1883	1431
1870	1432
963	1433
699	1434
3320	1435
9255	1436
3686	1437
549	1438
8855	1439
8182	1440
4129	1441
3543	1442
9024	1443
2402	1444
5367	1445
9058	1446
6013	1447
8152	1448
6124	1449
8742	1450
3917	1451
7496	1452
5032	1453
496	1454
8847	1455
2379	1456
3770	1457
4087	1458
3139	1459
7714	1460
9233	1461
58	1462
5501	1463
8249	1464
1296	1465
7019	1466
2756	1467
5619	1468
9007	1469
2090	1470
3877	1471
9515	1472
2345	1473
660	1474
594	1475
8687	1476
9570	1477
4743	1478
7685	1479
1087	1480
6426	1481
5861	1482
5351	1483
2997	1484
4887	1485
3726	1486
8936	1487
9082	1488
2627	1489
5310	1490
4660	1491
5986	1492
2731	1493
5262	1494
5722	1495
4255	1496
3185	1497
3480	1498
8391	1499
3158	1500
4661	1501
59	1502
6717	1503
9347	1504
1959	1505
3449	1506
700	1507
4018	1508
7914	1509
3138	1510
2525	1511
256	1512
3196	1513
464	1514
1327	1515
4432	1516
7169	1517
7514	1518
6812	1519
3223	1520
2558	1521
1210	1522
5249	1523
9074	1524
7524	1525
2906	1526
3600	1527
2217	1528
9862	1529
6090	1530
1603	1531
8761	1532
4750	1533
3952	1534
5461	1535
9330	1536
8259	1537
6348	1538
1184	1539
6913	1540
1798	1541
1149	1542
6414	1543
3113	1544
7388	1545
6932	1546
9385	1547
1899	1548
4435	1549
2540	1550
4968	1551
6170	1552
7180	1553
9681	1554
7558	1555
6836	1556
5470	1557
8897	1558
8916	1559
1492	1560
7692	1561
4260	1562
911	1563
7810	1564
4979	1565
3204	1566
1052	1567
3950	1568
851	1569
5265	1570
2157	1571
8483	1572
9822	1573
5478	1574
7624	1575
6150	1576
8942	1577
122	1578
682	1579
4948	1580
5784	1581
1055	1582
2905	1583
764	1584
3720	1585
3589	1586
1575	1587
5432	1588
71	1589
4420	1590
8830	1591
1356	1592
9712	1593
7112	1594
803	1595
9023	1596
4759	1597
9626	1598
4540	1599
9461	1600
6435	1601
5177	1602
4284	1603
7432	1604
3362	1605
5930	1606
5023	1607
6235	1608
3522	1609
9857	1610
833	1611
4524	1612
7904	1613
3141	1614
8772	1615
5375	1616
3057	1617
1951	1618
4280	1619
5327	1620
4487	1621
9052	1622
6609	1623
966	1624
4860	1625
2383	1626
9262	1627
3907	1628
8787	1629
9005	1630
680	1631
8715	1632
6621	1633
6232	1634
8683	1635
6734	1636
9852	1637
8468	1638
2571	1639
8985	1640
6544	1641
6280	1642
2407	1643
759	1644
6476	1645
6860	1646
5361	1647
1864	1648
3408	1649
1946	1650
475	1651
7997	1652
4817	1653
7435	1654
3321	1655
5053	1656
1377	1657
4933	1658
8115	1659
1039	1660
2206	1661
9845	1662
7682	1663
8270	1664
9339	1665
8231	1666
9189	1667
118	1668
3617	1669
6630	1670
9805	1671
2914	1672
2860	1673
3351	1674
367	1675
3404	1676
9646	1677
5782	1678
1261	1679
806	1680
6961	1681
1509	1682
757	1683
7000	1684
1121	1685
4891	1686
5859	1687
9774	1688
8746	1689
7385	1690
5899	1691
7413	1692
8533	1693
6034	1694
2455	1695
9520	1696
5188	1697
3499	1698
2152	1699
7243	1700
8204	1701
313	1702
4555	1703
1809	1704
3800	1705
40	1706
8725	1707
9004	1708
2633	1709
860	1710
3717	1711
8221	1712
6950	1713
5373	1714
1478	1715
5304	1716
2084	1717
2076	1718
3747	1719
8011	1720
6547	1721
1591	1722
2427	1723
2663	1724
8935	1725
5523	1726
4951	1727
5822	1728
6184	1729
341	1730
5941	1731
7654	1732
2613	1733
722	1734
1661	1735
4445	1736
170	1737
4159	1738
3925	1739
8209	1740
3007	1741
6390	1742
7160	1743
6549	1744
8648	1745
8750	1746
2300	1747
8924	1748
9838	1749
4173	1750
1390	1751
7617	1752
9438	1753
4250	1754
7728	1755
2556	1756
2791	1757
4959	1758
8811	1759
4380	1760
8654	1761
3260	1762
5230	1763
7619	1764
1882	1765
6456	1766
2545	1767
4493	1768
4566	1769
6200	1770
6039	1771
1876	1772
8987	1773
3774	1774
6474	1775
9317	1776
2956	1777
2955	1778
38	1779
7329	1780
8682	1781
7979	1782
2917	1783
9009	1784
70	1785
932	1786
5471	1787
5159	1788
3592	1789
1340	1790
541	1791
679	1792
7138	1793
3147	1794
7852	1795
1002	1796
5169	1797
2509	1798
4176	1799
1254	1800
8475	1801
1171	1802
3983	1803
4582	1804
4963	1805
1566	1806
2651	1807
964	1808
979	1809
1954	1810
1283	1811
267	1812
6378	1813
5292	1814
8012	1815
4892	1816
4105	1817
1991	1818
4253	1819
7167	1820
1549	1821
9391	1822
733	1823
282	1824
4791	1825
4961	1826
5877	1827
1923	1828
3693	1829
9175	1830
1830	1831
380	1832
2477	1833
3303	1834
6044	1835
1731	1836
4702	1837
234	1838
1123	1839
3803	1840
8168	1841
5787	1842
3794	1843
3329	1844
4520	1845
3151	1846
9819	1847
54	1848
1526	1849
2344	1850
9303	1851
3208	1852
5729	1853
1978	1854
4687	1855
6953	1856
2760	1857
5620	1858
7703	1859
8962	1860
2474	1861
2162	1862
6505	1863
334	1864
7538	1865
2775	1866
3029	1867
390	1868
1905	1869
4883	1870
8515	1871
6	1872
3322	1873
2497	1874
3146	1875
4287	1876
3599	1877
1796	1878
5099	1879
6154	1880
3150	1881
811	1882
8219	1883
1532	1884
9676	1885
4864	1886
5590	1887
2002	1888
5204	1889
9769	1890
9803	1891
4516	1892
1338	1893
449	1894
9439	1895
9090	1896
9200	1897
9352	1898
1982	1899
6488	1900
9221	1901
9243	1902
4675	1903
3251	1904
9249	1905
7816	1906
8030	1907
4205	1908
9727	1909
9540	1910
7762	1911
7818	1912
5540	1913
509	1914
483	1915
6373	1916
1583	1917
3746	1918
9298	1919
3166	1920
4804	1921
8253	1922
425	1923
8250	1924
7028	1925
2766	1926
6559	1927
677	1928
5423	1929
3103	1930
6709	1931
3666	1932
5299	1933
3634	1934
1550	1935
9422	1936
6788	1937
2826	1938
7197	1939
5600	1940
5216	1941
1520	1942
2777	1943
775	1944
1357	1945
2348	1946
2093	1947
2166	1948
7700	1949
2238	1950
9304	1951
6288	1952
730	1953
9749	1954
3557	1955
9000	1956
4377	1957
852	1958
5241	1959
2640	1960
7104	1961
6205	1962
2767	1963
9164	1964
8169	1965
1854	1966
8697	1967
5650	1968
9318	1969
7542	1970
822	1971
1320	1972
4315	1973
9533	1974
3494	1975
6632	1976
1887	1977
4718	1978
7054	1979
2359	1980
9843	1981
5442	1982
4825	1983
5210	1984
4966	1985
9214	1986
551	1987
2375	1988
8923	1989
5851	1990
3403	1991
5713	1992
5455	1993
6161	1994
5715	1995
9713	1996
8476	1997
4809	1998
9066	1999
9167	2000
7769	2001
9253	2002
6811	2003
2440	2004
777	2005
3302	2006
8650	2007
4002	2008
7209	2009
6979	2010
6376	2011
501	2012
4119	2013
3133	2014
8911	2015
2369	2016
8921	2017
9184	2018
2893	2019
3723	2020
3982	2021
2392	2022
808	2023
3790	2024
92	2025
771	2026
5221	2027
7680	2028
6025	2029
7387	2030
432	2031
8598	2032
8609	2033
2977	2034
2029	2035
2879	2036
7125	2037
3854	2038
5594	2039
537	2040
1211	2041
1654	2042
3272	2043
9829	2044
5341	2045
4484	2046
1050	2047
4405	2048
1623	2049
3380	2050
2176	2051
9366	2052
7612	2053
4126	2054
34	2055
7790	2056
8321	2057
1518	2058
5534	2059
5422	2060
4565	2061
9725	2062
3715	2063
8380	2064
5273	2065
7885	2066
924	2067
8311	2068
5493	2069
3919	2070
4495	2071
8440	2072
9417	2073
1900	2074
9079	2075
2197	2076
2621	2077
9223	2078
4935	2079
8114	2080
8337	2081
4492	2082
4806	2083
2874	2084
4831	2085
2414	2086
1861	2087
2175	2088
5511	2089
4296	2090
4155	2091
8922	2092
1141	2093
8409	2094
641	2095
1125	2096
899	2097
1497	2098
4960	2099
2293	2100
9639	2101
5010	2102
1646	2103
2898	2104
7901	2105
8737	2106
7229	2107
6076	2108
9834	2109
192	2110
555	2111
8508	2112
9086	2113
8592	2114
1345	2115
1794	2116
2764	2117
9338	2118
286	2119
1300	2120
9218	2121
7765	2122
8920	2123
3987	2124
4169	2125
3203	2126
2289	2127
1191	2128
76	2129
732	2130
3846	2131
382	2132
9196	2133
2050	2134
1734	2135
4234	2136
1952	2137
9543	2138
8344	2139
7498	2140
7445	2141
6803	2142
3441	2143
7201	2144
6243	2145
3447	2146
5857	2147
1912	2148
2747	2149
8370	2150
6899	2151
5898	2152
8710	2153
8680	2154
3255	2155
3180	2156
4304	2157
2834	2158
887	2159
4072	2160
9412	2161
3910	2162
8769	2163
9473	2164
8415	2165
5967	2166
1596	2167
5137	2168
7132	2169
1370	2170
8211	2171
5955	2172
7793	2173
568	2174
9100	2175
1708	2176
5208	2177
9787	2178
2032	2179
9259	2180
5696	2181
440	2182
9583	2183
1310	2184
904	2185
6332	2186
7905	2187
2247	2188
4381	2189
5213	2190
9801	2191
4365	2192
1783	2193
7008	2194
8239	2195
5399	2196
9062	2197
4981	2198
7910	2199
5924	2200
8170	2201
3036	2202
1714	2203
4880	2204
2056	2205
8973	2206
115	2207
7499	2208
1040	2209
6524	2210
3709	2211
1434	2212
1007	2213
6059	2214
4502	2215
9357	2216
355	2217
5853	2218
9541	2219
3155	2220
6253	2221
2981	2222
9129	2223
2367	2224
3393	2225
2099	2226
9648	2227
5149	2228
7737	2229
1962	2230
9289	2231
202	2232
8398	2233
572	2234
1539	2235
2125	2236
45	2237
4015	2238
5665	2239
4882	2240
5829	2241
3156	2242
5684	2243
7326	2244
9698	2245
8588	2246
5933	2247
6066	2248
3131	2249
1422	2250
3938	2251
5074	2252
8327	2253
6686	2254
4635	2255
7088	2256
5025	2257
3199	2258
3285	2259
5229	2260
359	2261
8741	2262
9549	2263
9264	2264
7660	2265
4795	2266
7908	2267
43	2268
1185	2269
4658	2270
9012	2271
3913	2272
6328	2273
6217	2274
2798	2275
7003	2276
4838	2277
1564	2278
1430	2279
5268	2280
835	2281
6964	2282
7250	2283
5448	2284
8008	2285
8143	2286
4886	2287
9001	2288
8301	2289
7805	2290
9830	2291
7148	2292
438	2293
1213	2294
6725	2295
4816	2296
5927	2297
6601	2298
2153	2299
4041	2300
3596	2301
4191	2302
2907	2303
5703	2304
433	2305
87	2306
3038	2307
1570	2308
4293	2309
2603	2310
575	2311
7515	2312
1974	2313
238	2314
6285	2315
8341	2316
201	2317
4950	2318
7300	2319
8207	2320
9721	2321
6218	2322
3550	2323
3235	2324
1711	2325
8812	2326
9554	2327
9250	2328
6869	2329
6041	2330
7670	2331
8117	2332
892	2333
360	2334
2282	2335
3067	2336
5411	2337
7717	2338
6942	2339
5562	2340
9054	2341
2260	2342
6383	2343
6962	2344
5548	2345
1647	2346
9677	2347
8779	2348
5926	2349
1315	2350
1531	2351
1940	2352
1766	2353
4767	2354
5134	2355
8512	2356
5006	2357
9322	2358
4776	2359
8178	2360
4902	2361
2107	2362
1589	2363
5280	2364
8470	2365
3976	2366
4580	2367
2987	2368
1231	2369
188	2370
9807	2371
9530	2372
3000	2373
1873	2374
9179	2375
6819	2376
8549	2377
2216	2378
3232	2379
22	2380
1984	2381
9084	2382
621	2383
1442	2384
8037	2385
4779	2386
2410	2387
2964	2388
9150	2389
9581	2390
5338	2391
6570	2392
7896	2393
4368	2394
1335	2395
4727	2396
7495	2397
9246	2398
8521	2399
9362	2400
8554	2401
4099	2402
6668	2403
391	2404
7327	2405
4575	2406
8377	2407
8083	2408
8066	2409
7338	2410
2042	2411
4587	2412
7967	2413
4439	2414
7844	2415
397	2416
275	2417
4246	2418
5281	2419
5817	2420
3286	2421
9490	2422
7023	2423
7822	2424
9755	2425
9794	2426
9229	2427
6655	2428
8419	2429
4424	2430
9670	2431
3641	2432
8240	2433
2735	2434
5502	2435
3353	2436
1594	2437
7942	2438
246	2439
2537	2440
8699	2441
8076	2442
253	2443
428	2444
3903	2445
2385	2446
352	2447
2595	2448
1089	2449
4463	2450
672	2451
8196	2452
7833	2453
1483	2454
6069	2455
2320	2456
6583	2457
2795	2458
4482	2459
8537	2460
3900	2461
8421	2462
9213	2463
903	2464
919	2465
4741	2466
9231	2467
1803	2468
7635	2469
9383	2470
6525	2471
3182	2472
8461	2473
148	2474
3684	2475
7214	2476
79	2477
287	2478
1996	2479
4326	2480
8899	2481
4698	2482
8986	2483
6352	2484
6688	2485
9331	2486
364	2487
7807	2488
898	2489
9178	2490
5537	2491
2020	2492
2416	2493
4614	2494
4617	2495
8707	2496
4446	2497
50	2498
9088	2499
4475	2500
6257	2501
896	2502
3461	2503
5302	2504
2132	2505
3969	2506
6114	2507
1028	2508
7313	2509
2430	2510
3545	2511
8775	2512
953	2513
9582	2514
6619	2515
5973	2516
8615	2517
2752	2518
8044	2519
7865	2520
1948	2521
3099	2522
4471	2523
8297	2524
8320	2525
5207	2526
9564	2527
5242	2528
2037	2529
3254	2530
373	2531
9553	2532
5462	2533
6342	2534
9765	2535
1606	2536
6761	2537
4311	2538
8930	2539
2567	2540
3607	2541
7255	2542
591	2543
8658	2544
7084	2545
8956	2546
1817	2547
3206	2548
728	2549
8194	2550
1921	2551
9630	2552
93	2553
9239	2554
6659	2555
1368	2556
3164	2557
4532	2558
4215	2559
3773	2560
1823	2561
4529	2562
436	2563
9270	2564
6713	2565
9369	2566
6377	2567
1733	2568
4481	2569
5519	2570
2715	2571
1111	2572
3968	2573
214	2574
392	2575
1169	2576
8968	2577
4932	2578
2889	2579
3703	2580
5275	2581
1787	2582
4512	2583
4354	2584
8075	2585
8637	2586
141	2587
1456	2588
7470	2589
6757	2590
217	2591
992	2592
9263	2593
2616	2594
4242	2595
9313	2596
6842	2597
3765	2598
617	2599
6381	2600
6884	2601
9505	2602
752	2603
297	2604
8162	2605
9856	2606
4236	2607
4612	2608
5739	2609
542	2610
7815	2611
656	2612
8992	2613
1355	2614
6494	2615
3394	2616
5783	2617
6792	2618
28	2619
8154	2620
3638	2621
2562	2622
8395	2623
5918	2624
5105	2625
106	2626
3136	2627
1717	2628
8381	2629
8758	2630
8883	2631
6491	2632
8500	2633
4845	2634
376	2635
8503	2636
6483	2637
6098	2638
7311	2639
4939	2640
7801	2641
7632	2642
686	2643
1902	2644
7777	2645
1435	2646
3724	2647
7918	2648
2693	2649
2858	2650
315	2651
1898	2652
3008	2653
6073	2654
885	2655
6122	2656
9791	2657
7406	2658
7999	2659
9672	2660
3752	2661
7996	2662
1084	2663
2425	2664
1432	2665
7556	2666
9143	2667
4680	2668
2074	2669
9095	2670
4854	2671
7076	2672
8060	2673
1381	2674
4467	2675
5288	2676
5912	2677
864	2678
1464	2679
7269	2680
4143	2681
2533	2682
6850	2683
746	2684
19	2685
1552	2686
5532	2687
1512	2688
8016	2689
8072	2690
8048	2691
8866	2692
3419	2693
1222	2694
4269	2695
6592	2696
7600	2697
4258	2698
9268	2699
3439	2700
8426	2701
2951	2702
2381	2703
8850	2704
9312	2705
2258	2706
1132	2707
6107	2708
5407	2709
9729	2710
2387	2711
2124	2712
6281	2713
4988	2714
9480	2715
7064	2716
590	2717
8889	2718
3064	2719
8570	2720
557	2721
1751	2722
5609	2723
5370	2724
5244	2725
7726	2726
2702	2727
1939	2728
3490	2729
3284	2730
8662	2731
3216	2732
4801	2733
4989	2734
6295	2735
4422	2736
9011	2737
535	2738
9818	2739
3899	2740
5185	2741
3051	2742
6692	2743
1160	2744
6791	2745
9571	2746
7461	2747
9703	2748
3341	2749
6854	2750
969	2751
4350	2752
7037	2753
9126	2754
3886	2755
7824	2756
5507	2757
527	2758
8577	2759
260	2760
981	2761
2762	2762
130	2763
7145	2764
9169	2765
4032	2766
2204	2767
5296	2768
4174	2769
3807	2770
2431	2771
983	2772
3904	2773
362	2774
2325	2775
6360	2776
2742	2777
2015	2778
3410	2779
5763	2780
5949	2781
9707	2782
7221	2783
6042	2784
6299	2785
8773	2786
2850	2787
7892	2788
8896	2789
1613	2790
6755	2791
4818	2792
5066	2793
5199	2794
8147	2795
7517	2796
7485	2797
113	2798
9361	2799
1884	2800
20	2801
2792	2802
3739	2803
7374	2804
909	2805
859	2806
6787	2807
7527	2808
8556	2809
2201	2810
1683	2811
6910	2812
7602	2813
4913	2814
8386	2815
8739	2816
4462	2817
167	2818
23	2819
879	2820
6245	2821
5156	2822
8572	2823
2541	2824
927	2825
9137	2826
9301	2827
8702	2828
8569	2829
2	2830
394	2831
7170	2832
2901	2833
337	2834
8392	2835
6590	2836
9156	2837
1301	2838
1832	2839
8720	2840
4934	2841
6202	2842
8696	2843
2130	2844
7947	2845
3330	2846
1746	2847
365	2848
5824	2849
9144	2850
6020	2851
9319	2852
1750	2853
8789	2854
9802	2855
4340	2856
4762	2857
9403	2858
4889	2859
8195	2860
7634	2861
3078	2862
7101	2863
174	2864
4034	2865
9135	2866
6144	2867
8218	2868
847	2869
5776	2870
3426	2871
6480	2872
2127	2873
5695	2874
5057	2875
9228	2876
9315	2877
5524	2878
3517	2879
5989	2880
643	2881
9740	2882
3468	2883
5508	2884
2154	2885
2023	2886
6892	2887
815	2888
3973	2889
6722	2890
144	2891
3121	2892
139	2893
763	2894
8155	2895
2866	2896
7183	2897
9493	2898
114	2899
4752	2900
8522	2901
7447	2902
4915	2903
5628	2904
2812	2905
7134	2906
6104	2907
8705	2908
991	2909
1793	2910
3827	2911
1585	2912
3044	2913
9770	2914
1545	2915
1675	2916
4561	2917
1067	2918
5812	2919
6163	2920
563	2921
7982	2922
2622	2923
9489	2924
9120	2925
5184	2926
1373	2927
6239	2928
696	2929
3836	2930
2024	2931
5413	2932
4974	2933
6036	2934
5503	2935
7741	2936
4454	2937
6057	2938
3065	2939
9656	2940
2976	2941
4346	2942
6712	2943
9105	2944
5089	2945
2237	2946
127	2947
1963	2948
1614	2949
8818	2950
2067	2951
6634	2952
320	2953
7867	2954
7434	2955
9232	2956
9476	2957
7820	2958
1677	2959
6396	2960
8431	2961
7490	2962
4588	2963
2354	2964
642	2965
2944	2966
5354	2967
1414	2968
6849	2969
4705	2970
7419	2971
6011	2972
5601	2973
3864	2974
435	2975
566	2976
3622	2977
1538	2978
6458	2979
6365	2980
9510	2981
8672	2982
2071	2983
3566	2984
9446	2985
999	2986
1313	2987
4360	2988
4695	2989
2681	2990
2817	2991
1074	2992
986	2993
5473	2994
7259	2995
66	2996
6246	2997
6600	2998
9131	2999
291	3000
9410	3001
347	3002
7347	3003
2815	3004
7847	3005
4685	3006
3412	3007
4543	3008
3689	3009
9053	3010
2867	3011
183	3012
6148	3013
8101	3014
6740	3015
3290	3016
7129	3017
8894	3018
8823	3019
2195	3020
7536	3021
2248	3022
465	3023
2724	3024
3624	3025
2505	3026
2027	3027
738	3028
5291	3029
5415	3030
9227	3031
4694	3032
158	3033
8540	3034
2668	3035
27	3036
1546	3037
6809	3038
5841	3039
2119	3040
5170	3041
8053	3042
8099	3043
3650	3044
7919	3045
444	3046
6783	3047
9275	3048
5990	3049
2297	3050
1233	3051
666	3052
8157	3053
9558	3054
1199	3055
3165	3056
1197	3057
4470	3058
8289	3059
6093	3060
4281	3061
4777	3062
6789	3063
7798	3064
8183	3065
662	3066
1992	3067
7004	3068
7177	3069
195	3070
5486	3071
5538	3072
1743	3073
5077	3074
129	3075
9813	3076
5672	3077
7505	3078
5026	3079
3857	3080
6678	3081
3288	3082
8685	3083
8080	3084
6349	3085
9141	3086
7241	3087
3371	3088
116	3089
2341	3090
2404	3091
6115	3092
152	3093
3035	3094
6447	3095
1813	3096
3546	3097
4881	3098
4433	3099
6970	3100
4531	3101
7271	3102
9393	3103
2776	3104
3930	3105
311	3106
157	3107
5895	3108
7838	3109
9421	3110
109	3111
9513	3112
254	3113
350	3114
2672	3115
252	3116
4611	3117
6992	3118
2550	3119
1977	3120
3385	3121
7322	3122
6493	3123
791	3124
9199	3125
7274	3126
3722	3127
4244	3128
3964	3129
6469	3130
3458	3131
5437	3132
8167	3133
8448	3134
51	3135
4084	3136
3188	3137
6357	3138
331	3139
7552	3140
8502	3141
5616	3142
7597	3143
7110	3144
5586	3145
3608	3146
8432	3147
6139	3148
462	3149
1853	3150
4232	3151
4363	3152
5397	3153
2058	3154
6264	3155
1637	3156
5579	3157
2433	3158
8558	3159
3849	3160
2561	3161
1799	3162
5832	3163
6965	3164
4217	3165
6980	3166
545	3167
1220	3168
2330	3169
6471	3170
6633	3171
1004	3172
1	3173
4120	3174
9651	3175
1012	3176
3670	3177
2214	3178
5873	3179
6362	3180
9048	3181
101	3182
4142	3183
1571	3184
3796	3185
1386	3186
1352	3187
8004	3188
7056	3189
4163	3190
8363	3191
9634	3192
37	3193
49	3194
446	3195
5867	3196
2181	3197
1366	3198
6564	3199
5725	3200
2726	3201
473	3202
5138	3203
8738	3204
3153	3205
56	3206
7218	3207
3706	3208
2097	3209
9599	3210
570	3211
7351	3212
5721	3213
8868	3214
7291	3215
6865	3216
6881	3217
4096	3218
6141	3219
3581	3220
1329	3221
5597	3222
8536	3223
3625	3224
7281	3225
2305	3226
5905	3227
268	3228
96	3229
1824	3230
2393	3231
4869	3232
826	3233
871	3234
186	3235
8375	3236
5234	3237
9584	3238
2641	3239
6132	3240
1638	3241
7991	3242
3215	3243
8625	3244
2816	3245
1412	3246
9781	3247
4760	3248
6605	3249
4669	3250
9604	3251
5122	3252
7444	3253
7487	3254
2207	3255
7248	3256
2779	3257
4109	3258
3691	3259
7293	3260
3730	3261
8125	3262
7757	3263
740	3264
8857	3265
599	3266
2687	3267
2415	3268
1739	3269
5274	3270
5794	3271
6496	3272
867	3273
6877	3274
1009	3275
7027	3276
5834	3277
3124	3278
9757	3279
4369	3280
2113	3281
18	3282
4082	3283
2884	3284
1622	3285
4505	3286
8188	3287
2953	3288
8490	3289
9788	3290
3979	3291
7184	3292
5155	3293
5585	3294
3960	3295
9655	3296
2600	3297
3023	3298
735	3299
8173	3300
913	3301
9342	3302
9402	3303
9485	3304
23	3305
646	3306
1122	3307
5058	3308
1462	3309
6936	3310
5681	3311
1411	3312
2504	3313
1802	3314
2698	3315
209	3316
2587	3317
659	3318
8355	3319
5554	3320
39	3321
7264	3322
1378	3323
5771	3324
8206	3325
46	3326
8142	3327
3031	3328
3009	3329
4222	3330
7087	3331
7899	3332
6729	3333
5957	3334
4423	3335
6805	3336
3786	3337
1407	3338
3858	3339
8753	3340
7193	3341
3760	3342
7512	3343
6290	3344
2296	3345
1855	3346
1598	3347
7256	3348
976	3349
3820	3350
4729	3351
8248	3352
8786	3353
4643	3354
2945	3355
2568	3356
7381	3357
7124	3358
7830	3359
5644	3360
658	3361
4035	3362
1979	3363
9183	3364
7853	3365
1404	3366
7868	3367
2634	3368
7011	3369
2682	3370
3539	3371
9323	3372
5964	3373
8351	3374
8	3375
8189	3376
2085	3377
8390	3378
51	3379
6966	3380
9076	3381
7414	3382
8160	3383
5719	3384
5041	3385
6017	3386
1559	3387
4905	3388
9578	3389
853	3390
1446	3391
4585	3392
4783	3393
9149	3394
2317	3395
5108	3396
865	3397
5182	3398
7400	3399
3011	3400
1277	3401
6499	3402
7677	3403
5252	3404
306	3405
3735	3406
8552	3407
4327	3408
1555	3409
7174	3410
3781	3411
5324	3412
769	3413
4480	3414
9133	3415
9286	3416
2803	3417
7864	3418
1227	3419
7731	3420
7080	3421
2594	3422
9741	3423
387	3424
8069	3425
5520	3426
4789	3427
1789	3428
2836	3429
2513	3430
6160	3431
8413	3432
3104	3433
4563	3434
7340	3435
175	3436
9572	3437
7786	3438
2374	3439
437	3440
52	3441
1825	3442
718	3443
60	3444
4756	3445
3909	3446
9866	3447
8893	3448
518	3449
784	3450
9125	3451
2725	3452
4485	3453
329	3454
720	3455
5623	3456
5180	3457
1619	3458
8308	3459
1672	3460
8593	3461
5709	3462
2689	3463
6222	3464
6515	3465
5158	3466
1421	3467
482	3468
8544	3469
9593	3470
8732	3471
5780	3472
3755	3473
1290	3474
4228	3475
3081	3476
3486	3477
8305	3478
3953	3479
1541	3480
1387	3481
8292	3482
705	3483
3367	3484
6429	3485
504	3486
1632	3487
108	3488
8652	3489
5209	3490
2896	3491
5504	3492
8657	3493
6345	3494
5225	3495
749	3496
6380	3497
7365	3498
6081	3499
5984	3500
5533	3501
1678	3502
2846	3503
6733	3504
407	3505
5264	3506
3307	3507
8880	3508
1629	3509
9423	3510
5318	3511
8917	3512
7155	3513
8255	3514
455	3515
448	3516
2174	3517
2671	3518
3177	3519
1334	3520
6063	3521
273	3522
4571	3523
8777	3524
2828	3525
3257	3526
3805	3527
7940	3528
8581	3529
797	3530
9155	3531
5282	3532
3618	3533
2399	3534
13	3535
7090	3536
7296	3537
978	3538
6528	3539
7168	3540
694	3541
9591	3542
7052	3543
6708	3544
6974	3545
7629	3546
8373	3547
9854	3548
2100	3549
9195	3550
1491	3551
2057	3552
7557	3553
2864	3554
6553	3555
5346	3556
2464	3557
3656	3558
9039	3559
2856	3560
5385	3561
8264	3562
5753	3563
3022	3564
5322	3565
1782	3566
1344	3567
3597	3568
5314	3569
2878	3570
9462	3571
6636	3572
3671	3573
2273	3574
743	3575
7013	3576
7887	3577
1245	3578
4958	3579
7323	3580
8535	3581
5810	3582
6774	3583
2744	3584
1988	3585
3552	3586
5075	3587
13	3588
1235	3589
3220	3590
1856	3591
5096	3592
3571	3593
6778	3594
1865	3595
44	3596
3213	3597
2946	3598
5654	3599
8838	3600
2772	3601
8599	3602
4918	3603
1608	3604
3437	3605
9474	3606
7550	3607
8873	3608
176	3609
7875	3610
8852	3611
6221	3612
9658	3613
5736	3614
5382	3615
2928	3616
7825	3617
7722	3618
6623	3619
3716	3620
1346	3621
9406	3622
8744	3623
1337	3624
9064	3625
8837	3626
1322	3627
1189	3628
4805	3629
138	3630
968	3631
9631	3632
2958	3633
3644	3634
5621	3635
7574	3636
1828	3637
1636	3638
849	3639
9869	3640
8765	3641
421	3642
9661	3643
2388	3644
6663	3645
1771	3646
5549	3647
6664	3648
340	3649
4416	3650
8759	3651
31	3652
5345	3653
5768	3654
4299	3655
8634	3656
59	3657
4622	3658
3595	3659
7363	3660
5945	3661
4525	3662
7846	3663
4477	3664
405	3665
6452	3666
6433	3667
7924	3668
9237	3669
3244	3670
1810	3671
3971	3672
6208	3673
1072	3674
8164	3675
2476	3676
5098	3677
9022	3678
1505	3679
471	3680
4645	3681
1207	3682
4137	3683
1383	3684
6635	3685
9174	3686
1500	3687
918	3688
4688	3689
3645	3690
5164	3691
5458	3692
4162	3693
8246	3694
3782	3695
6364	3696
5885	3697
410	3698
2177	3699
4408	3700
8070	3701
6731	3702
2614	3703
7883	3704
7925	3705
6513	3706
2280	3707
9230	3708
987	3709
1918	3710
1533	3711
2870	3712
6275	3713
4226	3714
5357	3715
6944	3716
1229	3717
3828	3718
6861	3719
7794	3720
776	3721
8134	3722
6451	3723
251	3724
1449	3725
419	3726
6385	3727
9465	3728
9618	3729
6646	3730
7841	3731
3242	3732
5233	3733
6814	3734
2189	3735
7280	3736
249	3737
9827	3738
758	3739
9738	3740
9211	3741
6062	3742
8217	3743
3562	3744
7099	3745
7449	3746
3429	3747
702	3748
2256	3749
2720	3750
1382	3751
2269	3752
5789	3753
2929	3754
5145	3755
4442	3756
3319	3757
5700	3758
9075	3759
3588	3760
5692	3761
6984	3762
5762	3763
6442	3764
5344	3765
5639	3766
7200	3767
573	3768
5425	3769
5935	3770
4156	3771
1958	3772
132	3773
2053	3774
1427	3775
725	3776
5900	3777
2420	3778
2761	3779
1725	3780
2239	3781
8518	3782
4923	3783
4726	3784
7343	3785
416	3786
6935	3787
7150	3788
620	3789
2605	3790
2865	3791
2853	3792
707	3793
8171	3794
1506	3795
8767	3796
996	3797
2356	3798
4983	3799
6738	3800
9484	3801
7232	3802
8098	3803
3892	3804
2778	3805
1973	3806
179	3807
7094	3808
546	3809
1941	3810
8472	3811
1554	3812
4055	3813
6704	3814
3921	3815
4058	3816
3006	3817
6263	3818
7745	3819
3898	3820
8005	3821
857	3822
7881	3823
8871	3824
8851	3825
994	3826
6323	3827
7909	3828
153	3829
7561	3830
7325	3831
9205	3832
9816	3833
1724	3834
6233	3835
7792	3836
6224	3837
2985	3838
6598	3839
6558	3840
6651	3841
4371	3842
6997	3843
8912	3844
2306	3845
3108	3846
5179	3847
3668	3848
477	3849
6477	3850
5596	3851
6198	3852
4412	3853
1889	3854
612	3855
1358	3856
7985	3857
9409	3858
3966	3859
4074	3860
1063	3861
5084	3862
3651	3863
2123	3864
3316	3865
4197	3866
8095	3867
2194	3868
1102	3869
883	3870
72	3871
8969	3872
2710	3873
5380	3874
4497	3875
8085	3876
2309	3877
4170	3878
1723	3879
3192	3880
9671	3881
6739	3882
3564	3883
349	3884
4799	3885
1700	3886
1735	3887
8931	3888
3427	3889
8573	3890
9103	3891
8383	3892
4263	3893
7128	3894
4604	3895
3058	3896
8349	3897
614	3898
7034	3899
2569	3900
1163	3901
6671	3902
7646	3903
5542	3904
1752	3905
7302	3906
5088	3907
6581	3908
5816	3909
4689	3910
7845	3911
8970	3912
1688	3913
7735	3914
4924	3915
2426	3916
8051	3917
7234	3918
2965	3919
926	3920
928	3921
8600	3922
6806	3923
6928	3924
6597	3925
8995	3926
951	3927
3119	3928
5686	3929
7456	3930
8814	3931
4970	3932
2468	3933
4788	3934
1627	3935
8120	3936
8026	3937
790	3938
4118	3939
7290	3940
3368	3941
1919	3942
9368	3943
7862	3944
7089	3945
489	3946
6441	3947
5943	3948
9295	3949
9645	3950
6718	3951
7277	3952
68	3953
5226	3954
8465	3955
1985	3956
639	3957
8511	3958
5453	3959
1230	3960
2376	3961
5666	3962
4160	3963
604	3964
6466	3965
6296	3966
5629	3967
2333	3968
1061	3969
7802	3970
357	3971
8252	3972
2070	3973
5046	3974
3140	3975
3100	3976
944	3977
6306	3978
2763	3979
6418	3980
3675	3981
3905	3982
1017	3983
2232	3984
4858	3985
531	3986
3186	3987
7040	3988
81	3989
2993	3990
9351	3991
3354	3992
1025	3993
1105	3994
5285	3995
8965	3996
5417	3997
1560	3998
6535	3999
3053	4000
5745	4001
4723	4002
1843	4003
1239	4004
3149	4005
1294	4006
4903	4007
7861	4008
6018	4009
5938	4010
7073	4011
4384	4012
4060	4013
3252	4014
2849	4015
9594	4016
4052	4017
6370	4018
9206	4019
2095	4020
50	4021
7006	4022
5598	4023
8068	4024
8614	4025
3037	4026
1859	4027
7614	4028
3658	4029
395	4030
8904	4031
1436	4032
9617	4033
1971	4034
8174	4035
2854	4036
1748	4037
8	4038
6618	4039
5929	4040
3932	4041
487	4042
1209	4043
8971	4044
7782	4045
6319	4046
1043	4047
3859	4048
5637	4049
3998	4050
9344	4051
502	4052
20	4053
2277	4054
844	4055
8901	4056
1777	4057
6473	4058
6176	4059
2422	4060
8603	4061
1455	4062
4206	4063
6259	4064
3021	4065
1842	4066
2821	4067
2351	4068
5193	4069
1365	4070
1020	4071
7520	4072
9437	4073
36	4074
3347	4075
8130	4076
6967	4077
8690	4078
1601	4079
2938	4080
1829	4081
5670	4082
5068	4083
6689	4084
9850	4085
98	4086
523	4087
4554	4088
2003	4089
7697	4090
9711	4091
724	4092
1762	4093
3469	4094
75	4095
7478	4096
8384	4097
6102	4098
9861	4099
943	4100
6443	4101
8809	4102
4969	4103
7915	4104
4489	4105
3348	4106
2709	4107
2814	4108
4179	4109
7106	4110
1676	4111
7466	4112
2033	4113
4656	4114
4508	4115
3084	4116
7835	4117
89	4118
2480	4119
1374	4120
7754	4121
9459	4122
4398	4123
3518	4124
8864	4125
6335	4126
7331	4127
4655	4128
9647	4129
6341	4130
1722	4131
1459	4132
5021	4133
7029	4134
4038	4135
3143	4136
7647	4137
2924	4138
9491	4139
8778	4140
5232	4141
9148	4142
8978	4143
5678	4144
6947	4145
3940	4146
3056	4147
5872	4148
6273	4149
8927	4150
6103	4151
8087	4152
5116	4153
7616	4154
6486	4155
1232	4156
3212	4157
5907	4158
7829	4159
1174	4160
4230	4161
2000	4162
6696	4163
713	4164
7303	4165
5186	4166
2770	4167
2528	4168
4291	4169
7706	4170
4553	4171
9778	4172
6033	4173
6763	4174
2229	4175
9557	4176
53	4177
7787	4178
664	4179
9067	4180
452	4181
7854	4182
6238	4183
3117	4184
7273	4185
7310	4186
11	4187
5962	4188
5915	4189
3874	4190
3791	4191
1046	4192
4603	4193
2572	4194
6995	4195
3263	4196
7668	4197
5119	4198
4996	4199
1848	4200
9104	4201
3076	4202
1615	4203
7532	4204
9177	4205
7410	4206
1093	4207
3440	4208
2930	4209
330	4210
1656	4211
4703	4212
9042	4213
8585	4214
5451	4215
2046	4216
6174	4217
8279	4218
441	4219
1535	4220
6702	4221
3894	4222
8462	4223
1162	4224
8119	4225
4894	4226
7046	4227
7936	4228
7114	4229
2460	4230
4846	4231
5855	4232
7694	4233
4238	4234
4515	4235
8597	4236
2582	4237
4644	4238
6972	4239
6303	4240
1845	4241
9674	4242
6112	4243
6568	4244
4107	4245
7902	4246
7318	4247
5436	4248
8317	4249
2573	4250
3293	4251
1961	4252
8565	4253
356	4254
6302	4255
5189	4256
670	4257
2781	4258
1674	4259
2448	4260
8757	4261
4984	4262
5063	4263
7392	4264
6117	4265
8734	4266
1218	4267
5718	4268
5531	4269
2939	4270
5263	4271
8998	4272
7989	4273
569	4274
9096	4275
1574	4276
2266	4277
1788	4278
9620	4279
4164	4280
3378	4281
7282	4282
1831	4283
5671	4284
8722	4285
1908	4286
601	4287
5825	4288
8768	4289
3346	4290
171	4291
5125	4292
177	4293
945	4294
4113	4295
9132	4296
7935	4297
3019	4298
9600	4299
5330	4300
7510	4301
4017	4302
2723	4303
210	4304
2847	4305
5746	4306
7675	4307
6071	4308
6209	4309
1155	4310
9050	4311
3832	4312
8299	4313
3616	4314
863	4315
8003	4316
997	4317
6867	4318
2403	4319
6096	4320
2142	4321
5489	4322
7389	4323
1818	4324
9460	4325
6613	4326
6917	4327
533	4328
9456	4329
4602	4330
3882	4331
2213	4332
9863	4333
9497	4334
3991	4335
7746	4336
284	4337
2091	4338
1537	4339
9097	4340
8895	4341
5183	4342
3787	4343
9367	4344
3291	4345
6835	4346
6393	4347
3375	4348
1057	4349
4303	4350
8260	4351
7079	4352
8023	4353
7384	4354
9613	4355
6308	4356
4285	4357
4820	4358
6603	4359
3379	4360
4775	4361
2441	4362
7151	4363
1907	4364
6611	4365
8192	4366
9117	4367
2268	4368
7047	4369
3576	4370
7956	4371
6769	4372
7342	4373
3168	4374
5993	4375
6255	4376
2078	4377
3432	4378
637	4379
4615	4380
5820	4381
5064	4382
653	4383
117	4384
519	4385
4782	4386
118	4387
4372	4388
1056	4389
7657	4390
3233	4391
136	4392
1353	4393
6800	4394
8210	4395
8523	4396
354	4397
4069	4398
5383	4399
5765	4400
6998	4401
6479	4402
4419	4403
9810	4404
8127	4405
6484	4406
3639	4407
5047	4408
8198	4409
48	4410
6392	4411
6309	4412
3912	4413
2121	4414
1433	4415
7364	4416
9602	4417
7928	4418
6121	4419
717	4420
3365	4421
1872	4422
6764	4423
5886	4424
9130	4425
3370	4426
7571	4427
4651	4428
4511	4429
3333	4430
1522	4431
29	4432
8181	4433
3603	4434
2601	4435
4534	4436
1980	4437
8933	4438
1740	4439
4451	4440
8019	4441
5427	4442
3315	4443
2355	4444
9328	4445
7265	4446
1543	4447
8780	4448
895	4449
7664	4450
145	4451
7921	4452
2340	4453
4387	4454
2246	4455
2773	4456
3861	4457
4751	4458
9056	4459
5801	4460
5091	4461
8611	4462
7569	4463
2842	4464
7408	4465
6745	4466
494	4467
7702	4468
5007	4469
714	4470
5135	4471
1806	4472
2891	4473
3211	4474
80	4475
7396	4476
2263	4477
1212	4478
5270	4479
6606	4480
7799	4481
7758	4482
7057	4483
9017	4484
5792	4485
7418	4486
8764	4487
1863	4488
819	4489
4331	4490
7751	4491
2855	4492
5583	4493
9180	4494
2899	4495
8626	4496
6227	4497
8128	4498
83	4499
1409	4500
7836	4501
9840	4502
6677	4503
2790	4504
7359	4505
8254	4506
1295	4507
4778	4508
4124	4509
6436	4510
2310	4511
332	4512
6951	4513
4188	4514
657	4515
2370	4516
6614	4517
881	4518
3834	4519
4077	4520
414	4521
8608	4522
5160	4523
3621	4524
2968	4525
4102	4526
6534	4527
7258	4528
7055	4529
1241	4530
1178	4531
5376	4532
40	4533
2557	4534
9112	4535
2679	4536
1644	4537
5487	4538
9343	4539
7500	4540
1439	4541
2771	4542
5450	4543
8144	4544
7613	4545
8442	4546
6572	4547
3538	4548
5409	4549
3059	4550
6620	4551
1026	4552
2967	4553
7828	4554
6307	4555
2459	4556
618	4557
524	4558
1285	4559
4682	4560
5430	4561
7920	4562
4733	4563
9488	4564
1534	4565
5474	4566
2332	4567
8369	4568
5553	4569
285	4570
4195	4571
1680	4572
8436	4573
2840	4574
4388	4575
4425	4576
1994	4577
7583	4578
2902	4579
7814	4580
4301	4581
4535	4582
4468	4583
3841	4584
4167	4585
1797	4586
110	4587
7196	4588
2139	4589
6391	4590
9523	4591
9139	4592
1333	4593
5073	4594
57	4595
32	4596
7585	4597
4579	4598
676	4599
529	4600
2894	4601
6637	4602
9449	4603
1049	4604
1749	4605
6000	4606
2675	4607
7467	4608
8623	4609
5276	4610
9496	4611
1846	4612
6252	4613
6169	4614
6690	4615
1136	4616
4488	4617
9751	4618
8434	4619
2910	4620
5951	4621
5245	4622
467	4623
3657	4624
9621	4625
5953	4626
7535	4627
4628	4628
8727	4629
1250	4630
9116	4631
3366	4632
2786	4633
9544	4634
381	4635
6023	4636
1926	4637
9400	4638
2704	4639
5963	4640
8607	4641
9419	4642
4947	4643
6369	4644
403	4645
3927	4646
7649	4647
7324	4648
9624	4649
2457	4650
5236	4651
237	4652
9288	4653
7526	4654
5365	4655
5728	4656
4936	4657
2656	4658
5734	4659
3454	4660
7860	4661
5756	4662
6948	4663
6327	4664
8882	4665
2797	4666
2499	4667
5339	4668
9478	4669
3222	4670
5766	4671
6384	4672
1032	4673
8105	4674
4528	4675
44	4676
4441	4677
3243	4678
2969	4679
3549	4680
5997	4681
5868	4682
8713	4683
9877	4684
770	4685
4418	4686
3640	4687
3946	4688
9846	4689
5272	4690
9872	4691
9123	4692
5888	4693
8404	4694
5469	4695
5571	4696
6230	4697
8180	4698
1360	4699
8660	4700
2748	4701
8740	4702
6109	4703
2523	4704
1408	4705
8748	4706
5552	4707
8953	4708
7482	4709
755	4710
4045	4711
1679	4712
9124	4713
1138	4714
9733	4715
4063	4716
5161	4717
3123	4718
3024	4719
7474	4720
6158	4721
990	4722
8274	4723
4249	4724
4990	4725
3425	4726
1351	4727
8056	4728
7951	4729
8730	4730
5488	4731
582	4732
8934	4733
2094	4734
45	4735
9468	4736
6249	4737
3010	4738
3514	4739
2897	4740
2707	4741
230	4742
7158	4743
2138	4744
9826	4745
5599	4746
2473	4747
2439	4748
1763	4749
8984	4750
4982	4751
7289	4752
4347	4753
9170	4754
2835	4755
5445	4756
304	4757
4920	4758
7227	4759
4572	4760
9166	4761
3144	4762
60	4763
5950	4764
5909	4765
3085	4766
9589	4767
5546	4768
3502	4769
5939	4770
3954	4771
6037	4772
5094	4773
2871	4774
218	4775
9537	4776
3060	4777
8645	4778
6094	4779
9448	4780
9629	4781
689	4782
5333	4783
6847	4784
6875	4785
2079	4786
2667	4787
6506	4788
5424	4789
325	4790
9287	4791
7096	4792
7390	4793
1738	4794
8215	4795
890	4796
6016	4797
4740	4798
7987	4799
9181	4800
7968	4801
4131	4802
8314	4803
3336	4804
119	4805
789	4806
4085	4807
4652	4808
9673	4809
6856	4810
5764	4811
7871	4812
5240	4813
8587	4814
2639	4815
1871	4816
3788	4817
67	4818
4479	4819
3535	4820
698	4821
7172	4822
4629	4823
461	4824
1896	4825
4115	4826
6498	4827
5914	4828
2607	4829
8281	4830
299	4831
3464	4832
16	4833
7185	4834
399	4835
4404	4836
2068	4837
5162	4838
4868	4839
9715	4840
6821	4841
9768	4842
8526	4843
9405	4844
4607	4845
2251	4846
8438	4847
1686	4848
5269	4849
5948	4850
1841	4851
1595	4852
6214	4853
5319	4854
7839	4855
8745	4856
7171	4857
6508	4858
8539	4859
8445	4860
2314	4861
2190	4862
456	4863
7471	4864
7707	4865
7554	4866
5659	4867
753	4868
3258	4869
1187	4870
4678	4871
6956	4872
2488	4873
734	4874
3772	4875
7800	4876
5710	4877
2360	4878
5788	4879
5323	4880
6421	4881
1150	4882
5250	4883
564	4884
317	4885
7119	4886
8602	4887
3990	4888
3664	4889
8466	4890
4030	4891
3125	4892
307	4893
1496	4894
3896	4895
692	4896
4125	4897
2829	4898
5972	4899
2048	4900
7212	4901
8589	4902
1165	4903
9193	4904
7	4905
8139	4906
1737	4907
8286	4908
8846	4909
5716	4910
7441	4911
8724	4912
4865	4913
8804	4914
366	4915
5890	4916
3264	4917
1590	4918
9068	4919
5255	4920
6183	4921
86	4922
3069	4923
6266	4924
4095	4925
6129	4926
9508	4927
1703	4928
6430	4929
2198	4930
147	4931
2357	4932
8109	4933
9750	4934
7859	4935
4332	4936
1826	4937
4292	4938
5761	4939
6550	4940
5605	4941
3191	4942
1510	4943
8043	4944
8701	4945
627	4946
2337	4947
9767	4948
4955	4949
7230	4950
2514	4951
1099	4952
1670	4953
7994	4954
100	4955
5638	4956
3660	4957
5778	4958
1224	4959
2527	4960
4273	4961
2299	4962
2934	4963
2753	4964
5607	4965
2036	4966
4967	4967
7573	4968
5921	4969
5092	4970
4438	4971
4210	4972
794	4973
4341	4974
2642	4975
73	4976
9065	4977
5894	4978
6890	4979
6797	4980
1957	4981
6403	4982
4992	4983
8399	4984
4896	4985
4774	4986
8132	4987
3106	4988
3826	4989
191	4990
6773	4991
3400	4992
2045	4993
2178	4994
5306	4995
1607	4996
4577	4997
3655	4998
2240	4999
3388	5000
4877	5001
6848	5002
3981	5003
9695	5004
3491	5005
3714	5006
7804	5007
7391	5008
1258	5009
1730	5010
6922	5011
8474	5012
6065	5013
7181	5014
9450	5015
6669	5016
8604	5017
4507	5018
5029	5019
5836	5020
3630	5021
5545	5022
2657	5023
5775	5024
8888	5025
3001	5026
1403	5027
1070	5028
7941	5029
4335	5030
7411	5031
3276	5032
2026	5033
1059	5034
4835	5035
1791	5036
2270	5037
6557	5038
3945	5039
5039	5040
1425	5041
8110	5042
3055	5043
4240	5044
9622	5045
1778	5046
10	5047
2150	5048
7031	5049
921	5050
30	5051
3207	5052
5277	5053
7165	5054
5791	5055
1255	5056
1695	5057
3237	5058
8881	5059
9444	5060
6145	5061
8202	5062
4701	5063
2409	5064
6386	5065
4168	5066
2746	5067
2226	5068
6617	5069
97	5070
3111	5071
9471	5072
5673	5073
7022	5074
1602	5075
1839	5076
1558	5077
2400	5078
6727	5079
8103	5080
3528	5081
3949	5082
56	5083
9373	5084
103	5085
1298	5086
112	5087
486	5088
5602	5089
6645	5090
4386	5091
5111	5092
7176	5093
6871	5094
9046	5095
2873	5096
6118	5097
9842	5098
1359	5099
208	5100
7734	5101
9341	5102
7759	5103
1054	5104
3421	5105
64	5106
4514	5107
8088	5108
829	5109
1137	5110
6229	5111
5366	5112
8950	5113
220	5114
6679	5115
7519	5116
3813	5117
1402	5118
7228	5119
2690	5120
24	5121
4578	5122
1827	5123
7944	5124
7894	5125
6503	5126
798	5127
8627	5128
5814	5129
9392	5130
3559	5131
417	5132
8567	5133
8307	5134
300	5135
6489	5136
3128	5137
7375	5138
3817	5139
9025	5140
1514	5141
5146	5142
7460	5143
2295	5144
4116	5145
2743	5146
35	5147
1489	5148
8251	5149
8643	5150
6562	5151
2173	5152
7969	5153
4598	5154
4010	5155
8559	5156
3885	5157
3453	5158
9747	5159
6879	5160
9185	5161
5796	5162
4294	5163
4613	5164
9031	5165
5995	5166
4646	5167
6561	5168
1126	5169
5431	5170
9078	5171
8089	5172
166	5173
736	5174
450	5175
3975	5176
9247	5177
558	5178
2691	5179
3358	5180
3712	5181
9812	5182
9798	5183
2516	5184
9158	5185
2908	5186
6010	5187
411	5188
292	5189
9043	5190
7809	5191
4154	5192
5152	5193
4297	5194
8282	5195
7977	5196
6135	5197
7257	5198
3799	5199
9384	5200
2722	5201
4666	5202
4262	5203
2447	5204
3174	5205
9055	5206
7137	5207
6128	5208
3475	5209
3669	5210
7458	5211
1886	5212
2168	5213
5298	5214
9327	5215
374	5216
2001	5217
1469	5218
2212	5219
3456	5220
1204	5221
831	5222
5922	5223
9633	5224
6492	5225
3477	5226
9605	5227
774	5228
6058	5229
2275	5230
7350	5231
2966	5232
9642	5233
6024	5234
2581	5235
3515	5236
4930	5237
8356	5238
6703	5239
6991	5240
9815	5241
8831	5242
6100	5243
8928	5244
8106	5245
8863	5246
5528	5247
8459	5248
3623	5249
9434	5250
4121	5251
280	5252
6265	5253
288	5254
1660	5255
3853	5256
5071	5257
5920	5258
2358	5259
1259	5260
7750	5261
6286	5262
54	5263
2298	5264
1034	5265
4594	5266
7933	5267
5498	5268
9080	5269
7710	5270
6726	5271
9416	5272
7740	5273
8639	5274
2935	5275
6855	5276
9283	5277
2544	5278
5406	5279
9186	5280
6577	5281
1398	5282
2589	5283
3667	5284
9806	5285
2685	5286
1240	5287
7623	5288
2784	5289
8996	5290
4745	5291
7567	5292
4649	5293
6271	5294
2862	5295
2082	5296
5608	5297
2215	5298
6223	5299
3435	5300
5551	5301
2444	5302
4914	5303
82	5304
6629	5305
5219	5306
1668	5307
1706	5308
7890	5309
8879	5310
1729	5311
5903	5312
6157	5313
8412	5314
2982	5315
7674	5316
8371	5317
8563	5318
513	5319
1238	5320
2221	5321
5611	5322
5067	5323
5702	5324
2857	5325
3332	5326
6203	5327
2788	5328
64	5329
9731	5330
4080	5331
4436	5332
5555	5333
1599	5334
4631	5335
616	5336
7213	5337
9204	5338
248	5339
2012	5340
6898	5341
2322	5342
4599	5343
9728	5344
7943	5345
5690	5346
6924	5347
6685	5348
8090	5349
9775	5350
4692	5351
1264	5352
3	5353
1989	5354
8618	5355
2768	5356
2039	5357
8649	5358
3327	5359
7443	5360
1243	5361
5940	5362
1014	5363
4313	5364
4755	5365
678	5366
7562	5367
2137	5368
5881	5369
3551	5370
882	5371
3331	5372
2446	5373
6438	5374
4218	5375
2290	5376
7452	5377
100	5378
7146	5379
3525	5380
4595	5381
869	5382
6682	5383
7122	5384
2429	5385
2604	5386
182	5387
7747	5388
7879	5389
6554	5390
4088	5391
1226	5392
4500	5393
8388	5394
6289	5395
795	5396
2261	5397
4290	5398
3643	5399
2547	5400
5175	5401
2551	5402
10	5403
1697	5404
2271	5405
3418	5406
131	5407
4647	5408
2211	5409
4476	5410
5034	5411
9506	5412
3751	5413
6832	5414
6279	5415
578	5416
1649	5417
9552	5418
5919	5419
1878	5420
7039	5421
5506	5422
4763	5423
4973	5424
3939	5425
3918	5426
8145	5427
6833	5428
3087	5429
2653	5430
8629	5431
293	5432
9424	5433
1860	5434
526	5435
5680	5436
1645	5437
8983	5438
3382	5439
8675	5440
1147	5441
7998	5442
9641	5443
8007	5444
5139	5445
6343	5446
6615	5447
9047	5448
5706	5449
2255	5450
894	5451
6382	5452
8208	5453
7576	5454
3460	5455
1775	5456
7772	5457
5906	5458
7541	5459
8726	5460
15	5461
1180	5462
949	5463
190	5464
8235	5465
9748	5466
4734	5467
9157	5468
6108	5469
9254	5470
5662	5471
2552	5472
8972	5473
5568	5474
7417	5475
1202	5476
3445	5477
1153	5478
7857	5479
6053	5480
7203	5481
1438	5482
484	5483
1553	5484
8525	5485
7715	5486
1764	5487
1869	5488
3218	5489
7874	5490
6831	5491
363	5492
747	5493
2171	5494
4212	5495
8826	5496
9853	5497
663	5498
7691	5499
6926	5500
1112	5501
9517	5502
2200	5503
6640	5504
3824	5505
2699	5506
8328	5507
4213	5508
8616	5509
4766	5510
8628	5511
6584	5512
6358	5513
8874	5514
1242	5515
6846	5516
8288	5517
4472	5518
3127	5519
874	5520
2098	5521
2487	5522
7870	5523
8663	5524
7058	5525
4942	5526
8790	5527
5819	5528
2060	5529
3698	5530
7683	5531
7431	5532
4780	5533
6730	5534
4008	5535
5297	5536
8613	5537
7779	5538
9398	5539
5848	5540
3152	5541
236	5542
7960	5543
9355	5544
562	5545
7988	5546
2915	5547
5022	5548
14	5549
4427	5550
8591	5551
5535	5552
7085	5553
4328	5554
5329	5555
47	5556
2838	5557
7421	5558
3999	5559
1172	5560
6164	5561
4873	5562
1467	5563
1760	5564
8266	5565
1101	5566
3193	5567
2952	5568
7566	5569
4510	5570
934	5571
61	5572
9441	5573
2686	5574
2494	5575
8318	5576
8816	5577
1006	5578
5393	5579
8153	5580
4965	5581
5494	5582
385	5583
4620	5584
2548	5585
9534	5586
1339	5587
1925	5588
5563	5589
9077	5590
2684	5591
8161	5592
3705	5593
7720	5594
4223	5595
6162	5596
316	5597
1966	5598
1454	5599
2423	5600
3086	5601
9880	5602
9636	5603
5830	5604
3221	5605
3548	5606
946	5607
7407	5608
9667	5609
912	5610
7930	5611
6337	5612
3699	5613
9161	5614
453	5615
1343	5616
9014	5617
9269	5618
5434	5619
1745	5620
8477	5621
8624	5622
7840	5623
4625	5624
4139	5625
3079	5626
2961	5627
6334	5628
4443	5629
9792	5630
1361	5631
2611	5632
9336	5633
858	5634
5142	5635
6236	5636
460	5637
8362	5638
4020	5639
1116	5640
5970	5641
8975	5642
1011	5643
4289	5644
3048	5645
7086	5646
6762	5647
1877	5648
2674	5649
8151	5650
8200	5651
4796	5652
6375	5653
7584	5654
7506	5655
3837	5656
4503	5657
35	5658
185	5659
4556	5660
2625	5661
2549	5662
1098	5663
2565	5664
4051	5665
4564	5666
4196	5667
4243	5668
6084	5669
3749	5670
8961	5671
3040	5672
9365	5673
480	5674
2205	5675
5705	5676
4447	5677
7587	5678
598	5679
4744	5680
830	5681
199	5682
1807	5683
9060	5684
3407	5685
6247	5686
1651	5687
21	5688
7398	5689
3569	5690
1424	5691
5747	5692
2524	5693
4146	5694
6666	5695
5798	5696
5004	5697
3948	5698
6735	5699
6156	5700
1234	5701
493	5702
7066	5703
8263	5704
6278	5705
5003	5706
6143	5707
7575	5708
9532	5709
7072	5710
4715	5711
4337	5712
1727	5713
3296	5714
6001	5715
500	5716
7965	5717
8372	5718
6172	5719
7294	5720
43	5721
5040	5722
2234	5723
9580	5724
4267	5725
353	5726
9783	5727
1166	5728
2649	5729
5882	5730
4850	5731
3694	5732
4	5733
3819	5734
2102	5735
3821	5736
823	5737
6027	5738
6	5739
4593	5740
955	5741
2436	5742
4708	5743
6326	5744
782	5745
5992	5746
8406	5747
5364	5748
8735	5749
4306	5750
2380	5751
1705	5752
640	5753
1530	5754
3985	5755
5192	5756
1616	5757
6470	5758
6750	5759
8860	5760
3512	5761
5874	5762
5	5763
4803	5764
5527	5765
7287	5766
1501	5767
4773	5768
200	5769
5875	5770
6165	5771
3068	5772
71	5773
7497	5774
3570	5775
457	5776
7067	5777
3342	5778
5752	5779
8979	5780
7577	5781
1617	5782
2941	5783
422	5784
7284	5785
5640	5786
4681	5787
4376	5788
7984	5789
8869	5790
121	5791
5652	5792
9429	5793
1932	5794
9401	5795
6697	5796
5633	5797
9611	5798
3424	5799
8203	5800
4067	5801
4110	5802
4459	5803
2886	5804
3769	5805
3179	5806
3710	5807
104	5808
4546	5809
9279	5810
83	5811
2718	5812
561	5813
459	5814
3875	5815
9848	5816
3732	5817
2802	5818
6311	5819
7261	5820
2481	5821
6187	5822
5031	5823
9820	5824
4785	5825
900	5826
3402	5827
1658	5828
7107	5829
2244	5830
9563	5831
2950	5832
8941	5833
5196	5834
6111	5835
24	5836
6830	5837
603	5838
6446	5839
6407	5840
9093	5841
8774	5842
1665	5843
134	5844
8316	5845
6711	5846
4068	5847
8907	5848
7695	5849
2609	5850
8487	5851
3628	5852
497	5853
9261	5854
8141	5855
2701	5856
5414	5857
7961	5858
623	5859
6409	5860
6445	5861
4355	5862
4709	5863
8834	5864
3020	5865
155	5866
8534	5867
6416	5868
6543	5869
6159	5870
5727	5871
6320	5872
3908	5873
1038	5874
9234	5875
6724	5876
8551	5877
5349	5878
1592	5879
7366	5880
1214	5881
2590	5882
6301	5883
6468	5884
6336	5885
7393	5886
4826	5887
5960	5888
5342	5889
1349	5890
4338	5891
9458	5892
2279	5893
7589	5894
2520	5895
3768	5896
6823	5897
7489	5898
361	5899
9240	5900
6759	5901
7855	5902
3324	5903
5391	5904
198	5905
4279	5906
7501	5907
9763	5908
9029	5909
3568	5910
2591	5911
7851	5912
7044	5913
4207	5914
6009	5915
8291	5916
2413	5917
2373	5918
6312	5919
9824	5920
6574	5921
2362	5922
6465	5923
4214	5924
8505	5925
3219	5926
6395	5927
162	5928
5261	5929
6960	5930
636	5931
4802	5932
3025	5933
3604	5934
6804	5935
9026	5936
4000	5937
9875	5938
5815	5939
1106	5940
9780	5941
9371	5942
960	5943
7286	5944
4677	5945
7687	5946
3648	5947
7012	5948
3637	5949
6802	5950
215	5951
1236	5952
6428	5953
3708	5954
4616	5955
96	5956
328	5957
8966	5958
5630	5959
9121	5960
4141	5961
5934	5962
3540	5963
5482	5964
5891	5965
1062	5966
9335	5967
7713	5968
9753	5969
7071	5970
505	5971
5416	5972
4180	5973
6361	5974
6083	5975
9796	5976
1947	5977
6133	5978
6918	5979
6075	5980
3423	5981
3167	5982
8617	5983
5002	5984
6780	5985
3674	5986
1811	5987
491	5988
6904	5989
2088	5990
8233	5991
28	5992
4784	5993
3312	5994
3556	5995
6989	5996
2456	5997
4043	5998
8842	5999
2800	6000
9644	6001
5332	6002
310	6003
6419	6004
4221	6005
576	6006
8135	6007
6566	6008
7949	6009
178	6010
3636	6011
6714	6012
1681	6013
6517	6014
2793	6015
308	6016
4641	6017
1875	6018
8817	6019
1488	6020
7733	6021
108	6022
1755	6023
9191	6024
6032	6025
3531	6026
1000	6027
2920	6028
6834	6029
2014	6030
3004	6031
9457	6032
5835	6033
2628	6034
7376	6035
9758	6036
1786	6037
3626	6038
5085	6039
1664	6040
9136	6041
7133	6042
25	6043
8670	6044
7539	6045
6313	6046
2169	6047
8309	6048
4395	6049
7405	6050
2303	6051
3360	6052
7633	6053
6291	6054
3994	6055
7182	6056
3	6057
9607	6058
9835	6059
2160	6060
4147	6061
935	6062
2954	6063
5148	6064
5615	6065
8049	6066
1655	6067
756	6068
6262	6069
4739	6070
3583	6071
4621	6072
8754	6073
5253	6074
3614	6075
6693	6076
8247	6077
7508	6078
6482	6079
8014	6080
3300	6081
5475	6082
6213	6083
8876	6084
4440	6085
9063	6086
1754	6087
7454	6088
6193	6089
5072	6090
9519	6091
8564	6092
2141	6093
3187	6094
303	6095
3176	6096
950	6097
1964	6098
9061	6099
8454	6100
2538	6101
5408	6102
1146	6103
4919	6104
2645	6105
4019	6106
8656	6107
434	6108
5052	6109
9694	6110
4385	6111
224	6112
1879	6113
5846	6114
8348	6115
8799	6116
6927	6117
584	6118
8437	6119
9127	6120
7560	6121
4265	6122
7738	6123
8245	6124
6389	6125
6074	6126
3962	6127
36	6128
1652	6129
9663	6130
7453	6131
5513	6132
9027	6133
7689	6134
7476	6135
602	6136
3928	6137
3455	6138
5724	6139
6916	6140
8700	6141
259	6142
8638	6143
7217	6144
8802	6145
3205	6146
318	6147
5129	6148
1593	6149
6240	6150
5917	6151
323	6152
8908	6153
6330	6154
7627	6155
9662	6156
5837	6157
6453	6158
7946	6159
9546	6160
6859	6161
2285	6162
5578	6163
7911	6164
8414	6165
7082	6166
445	6167
1139	6168
560	6169
8148	6170
9566	6171
2111	6172
6959	6173
7231	6174
3737	6175
4985	6176
1463	6177
4600	6178
8045	6179
3384	6180
3363	6181
1461	6182
2466	6183
9873	6184
1182	6185
931	6186
5497	6187
4198	6188
7100	6189
4397	6190
429	6191
2472	6192
4410	6193
630	6194
716	6195
4888	6196
41	6197
8495	6198
600	6199
3505	6200
5614	6201
2737	6202
5387	6203
8820	6204
3659	6205
9337	6206
3390	6207
2288	6208
5547	6209
9825	6210
7618	6211
9772	6212
3457	6213
4952	6214
7015	6215
4859	6216
4504	6217
6091	6218
298	6219
5643	6220
9683	6221
4319	6222
1890	6223
2705	6224
3160	6225
6186	6226
1718	6227
6746	6228
8278	6229
8041	6230
5372	6231
6626	6232
3572	6233
4634	6234
7963	6235
644	6236
9844	6237
650	6238
6485	6239
4455	6240
936	6241
9030	6242
7463	6243
2799	6244
6305	6245
2016	6246
7188	6247
8695	6248
7850	6249
94	6250
5974	6251
773	6252
9109	6253
6839	6254
7598	6255
6101	6256
731	6257
1104	6258
1904	6259
4452	6260
5468	6261
5576	6262
5284	6263
2837	6264
7092	6265
5581	6266
7424	6267
7102	6268
5133	6269
9799	6270
4861	6271
4653	6272
2323	6273
3197	6274
8694	6275
2165	6276
5760	6277
2366	6278
7328	6279
7404	6280
7030	6281
9518	6282
257	6283
409	6284
9015	6285
7208	6286
8890	6287
866	6288
1420	6289
5625	6290
554	6291
632	6292
7636	6293
5509	6294
8122	6295
1915	6296
5456	6297
2438	6298
4133	6299
9657	6300
7843	6301
7477	6302
3095	6303
1341	6304
1587	6305
8929	6306
322	6307
7889	6308
7736	6309
5582	6310
5055	6311
4878	6312
9016	6313
7224	6314
1196	6315
5452	6316
7045	6317
2714	6318
9841	6319
1950	6320
6088	6321
2101	6322
709	6323
2626	6324
1103	6325
2661	6326
9849	6327
8300	6328
4536	6329
4847	6330
697	6331
312	6332
6987	6333
3810	6334
6105	6335
6901	6336
6448	6337
5749	6338
3438	6339
5012	6340
8389	6341
8241	6342
7070	6343
4364	6344
8877	6345
6978	6346
2620	6347
820	6348
7306	6349
5559	6350
3230	6351
2242	6352
1568	6353
7760	6354
7115	6355
1471	6356
8840	6357
5843	6358
1630	6359
6940	6360
7605	6361
3544	6362
4028	6363
2518	6364
7486	6365
6990	6366
3635	6367
9073	6368
1145	6369
840	6370
8401	6371
6536	6372
1244	6373
8938	6374
4684	6375
6891	6376
7429	6377
3463	6378
2147	6379
4679	6380
8546	6381
9309	6382
2988	6383
3688	6384
9531	6385
1938	6386
5389	6387
2818	6388
1707	6389
3488	6390
63	6391
4895	6392
3758	6393
6241	6394
2331	6395
2926	6396
7440	6397
4192	6398
4394	6399
3582	6400
788	6401
1710	6402
123	6403
4403	6404
8411	6405
7439	6406
1586	6407
3937	6408
540	6409
1640	6410
8853	6411
647	6412
3073	6413
6813	6414
6512	6415
8943	6416
9207	6417
7651	6418
1219	6419
6642	6420
5723	6421
7590	6422
5080	6423
5254	6424
5561	6425
6420	6426
7202	6427
5093	6428
4399	6429
7724	6430
9364	6431
1051	6432
1177	6433
9709	6434
8504	6435
3356	6436
8027	6437
1152	6438
7098	6439
6082	6440
6500	6441
8163	6442
2519	6443
4261	6444
7581	6445
3776	6446
1753	6447
107	6448
3647	6449
7540	6450
9498	6451
7873	6452
6955	6453
6838	6454
9653	6455
5076	6456
942	6457
41	6458
1885	6459
8093	6460
8433	6461
9329	6462
3642	6463
3267	6464
295	6465
8347	6466
3506	6467
5321	6468
6371	6469
3530	6470
8138	6471
6994	6472
8481	6473
1192	6474
3173	6475
2236	6476
4187	6477
7521	6478
5733	6479
9828	6480
7775	6481
1086	6482
4717	6483
1037	6484
585	6485
6705	6486
9685	6487
2529	6488
9451	6489
4583	6490
5558	6491
1388	6492
1371	6493
4518	6494
5818	6495
8939	6496
3105	6497
8074	6498
7163	6499
1650	6500
2105	6501
2350	6502
5147	6503
1612	6504
8237	6505
4618	6506
5308	6507
7615	6508
7190	6509
8698	6510
1201	6511
5632	6512
371	6513
2364	6514
6040	6515
3887	6516
5178	6517
4278	6518
2998	6519
9296	6520
1770	6521
7053	6522
6915	6523
74	6524
553	6525
3287	6526
1079	6527
1983	6528
780	6529
4676	6530
2830	6531
571	6532
4834	6533
3609	6534
1880	6535
9008	6536
1393	6537
5492	6538
8501	6539
5123	6540
2992	6541
9726	6542
7097	6543
2365	6544
2461	6545
2918	6546
1508	6547
7220	6548
7446	6549
9152	6550
2372	6551
5352	6552
3415	6553
8039	6554
7147	6555
4548	6556
6127	6557
1246	6558
1384	6559
2495	6560
807	6561
2599	6562
6594	6563
6268	6564
6851	6565
3526	6566
3169	6567
2187	6568
1529	6569
4501	6570
4117	6571
8199	6572
5044	6573
1965	6574
8323	6575
3558	6576
6030	6577
4819	6578
3847	6579
7886	6580
4382	6581
4815	6582
1525	6583
6126	6584
75	6585
5174	6586
4862	6587
1928	6588
6895	6589
9500	6590
8052	6591
2975	6592
1281	6593
7528	6594
2021	6595
5804	6596
4496	6597
7117	6598
7547	6599
6873	6600
5246	6601
6134	6602
4062	6603
66	6604
7705	6605
3872	6606
8506	6607
5544	6608
4997	6609
5505	6610
6350	6611
7479	6612
7016	6613
4898	6614
2895	6615
1124	6616
5731	6617
7719	6618
3865	6619
4050	6620
344	6621
4312	6622
9300	6623
550	6624
30	6625
3879	6626
7427	6627
8193	6628
4491	6629
1331	6630
933	6631
4987	6632
9051	6633
8013	6634
4843	6635
6986	6636
5975	6637
2666	6638
1693	6639
1920	6640
3033	6641
9550	6642
3172	6643
9790	6644
534	6645
8238	6646
8353	6647
4075	6648
6893	6649
4413	6650
274	6651
4065	6652
3306	6653
9190	6654
3601	6655
9049	6656
3606	6657
4310	6658
3929	6659
3520	6660
2349	6661
8531	6662
2738	6663
5664	6664
3995	6665
3405	6666
8439	6667
9817	6668
667	6669
241	6670
1131	6671
7162	6672
383	6673
3503	6674
6215	6675
2259	6676
3509	6677
8102	6678
5200	6679
4391	6680
4808	6681
7123	6682
2061	6683
105	6684
5260	6685
8034	6686
5187	6687
8964	6688
283	6689
7955	6690
8212	6691
2531	6692
2881	6693
6199	6694
88	6695
1221	6696
2478	6697
6706	6698
6937	6699
7367	6700
7272	6701
3225	6702
9536	6703
2254	6704
5395	6705
8334	6706
4993	6707
3777	6708
1013	6709
3239	6710
7368	6711
8272	6712
7730	6713
9637	6714
2612	6715
1385	6716
398	6717
706	6718
4872	6719
4202	6720
8214	6721
8100	6722
9786	6723
8267	6724
3771	6725
1816	6726
4005	6727
5564	6728
4659	6729
2844	6730
1167	6731
105	6732
2470	6733
5069	6734
6401	6735
2179	6736
8225	6737
9699	6738
6490	6739
5428	6740
8243	6741
4725	6742
9241	6743
2313	6744
5286	6745
7352	6746
5980	6747
4014	6748
1260	6749
3843	6750
1747	6751
8914	6752
8293	6753
264	6754
7699	6755
5030	6756
7606	6757
9089	6758
7314	6759
7766	6760
1257	6761
6504	6762
11	6763
4542	6764
4305	6765
2186	6766
9635	6767
1275	6768
1955	6769
9210	6770
3878	6771
7781	6772
9101	6773
607	6774
967	6775
1193	6776
3736	6777
809	6778
61	6779
5362	6780
4842	6781
9379	6782
3942	6783
9507	6784
4823	6785
5172	6786
1076	6787
7938	6788
6251	6789
3611	6790
1195	6791
5070	6792
5961	6793
6760	6794
3920	6795
3573	6796
9173	6797
9019	6798
4486	6799
742	6800
834	6801
5438	6802
5042	6803
1225	6804
9114	6805
744	6806
8335	6807
4648	6808
8402	6809
3497	6810
396	6811
6793	6812
9321	6813
8530	6814
9789	6815
3577	6816
4264	6817
506	6818
7594	6819
1394	6820
9808	6821
8062	6822
548	6823
719	6824
2994	6825
6652	6826
3866	6827
1504	6828
6756	6829
4494	6830
9420	6831
6315	6832
8910	6833
345	6834
6363	6835
4227	6836
5751	6837
8898	6838
4557	6839
8423	6840
4183	6841
3269	6842
4047	6843
1023	6844
5828	6845
2118	6846
447	6847
6857	6848
5235	6849
5774	6850
5515	6851
65	6852
828	6853
470	6854
3547	6855
5847	6856
6661	6857
4937	6858
1140	6859
6751	6860
6560	6861
5279	6862
6067	6863
9085	6864
3631	6865
2654	6866
5104	6867
7021	6868
8273	6869
8310	6870
5543	6871
9353	6872
9632	6873
8418	6874
9487	6875
3916	6876
4972	6877
7005	6878
889	6879
8867	6880
7050	6881
1790	6882
2732	6883
4178	6884
4023	6885
7464	6886
3364	6887
3989	6888
2396	6889
4431	6890
1768	6891
8635	6892
3663	6893
7534	6894
2932	6895
6667	6896
1248	6897
9436	6898
6539	6899
5525	6900
6463	6901
6747	6902
6242	6903
4073	6904
916	6905
5642	6906
4597	6907
7872	6908
7588	6909
2134	6910
691	6911
3672	6912
6087	6913
117	6914
5371	6915
8532	6916
2104	6917
3965	6918
6919	6919
1726	6920
270	6921
5014	6922
6413	6923
6625	6924
5866	6925
7448	6926
6457	6927
2974	6928
5916	6929
9142	6930
112	6931
8350	6932
3926	6933
8295	6934
8571	6935
1821	6936
4208	6937
4732	6938
4378	6939
7161	6940
5831	6941
2615	6942
9859	6943
5206	6944
5110	6945
7696	6946
2933	6947
5195	6948
8632	6949
4899	6950
4980	6951
4393	6952
2342	6953
7611	6954
2180	6955
38	6956
6423	6957
6125	6958
3677	6959
645	6960
1635	6961
6864	6962
2126	6963
5904	6964
5512	6965
3764	6966
611	6967
4871	6968
832	6969
1834	6970
8859	6971
3107	6972
8718	6973
1451	6974
5887	6975
2156	6976
6140	6977
5656	6978
3815	6979
5328	6980
5476	6981
4640	6982
4040	6983
1981	6984
9477	6985
2618	6986
2109	6987
3501	6988
3678	6989
3094	6990
2669	6991
6314	6992
6353	6993
3876	6994
1317	6995
3508	6996
6785	6997
2010	6998
7468	6999
9443	7000
6777	7001
6192	7002
8319	7003
649	7004
5592	7005
779	7006
4851	7007
6318	7008
9745	7009
3881	7010
5256	7011
8781	7012
567	7013
6700	7014
3274	7015
7548	7016
1457	7017
2218	7018
6035	7019
1336	7020
3880	7021
804	7022
142	7023
8094	7024
6495	7025
3046	7026
3756	7027
8108	7028
8338	7029
1934	7030
7789	7031
2502	7032
2315	7033
538	7034
5191	7035
766	7036
5691	7037
5603	7038
3676	7039
7001	7040
845	7041
8232	7042
8342	7043
5054	7044
7433	7045
5803	7046
9764	7047
512	7048
9665	7049
1350	7050
7917	7051
3711	7052
3120	7053
5000	7054
7480	7055
225	7056
687	7057
2013	7058
1773	7059
1643	7060
5805	7061
7622	7062
8256	7063
1476	7064
9579	7065
5326	7066
5985	7067
9280	7068
4668	7069
8304	7070
2759	7071
1997	7072
536	7073
3536	7074
8330	7075
1523	7076
6372	7077
3309	7078
7305	7079
2059	7080
5150	7081
1304	7082
9836	7083
7756	7084
9278	7085
2648	7086
4373	7087
3473	7088
9777	7089
9797	7090
5966	7091
124	7092
4671	7093
5648	7094
5020	7095
4833	7096
7283	7097
3527	7098
3323	7099
2155	7100
1801	7101
4122	7102
9377	7103
266	7104
6031	7105
7192	7106
5849	7107
9730	7108
5785	7109
1375	7110
17	7111
7362	7112
5449	7113
633	7114
8229	7115
3240	7116
3184	7117
503	7118
2695	7119
8166	7120
4274	7121
8184	7122
7916	7123
4787	7124
9356	7125
7721	7126
901	7127
8932	7128
1041	7129
634	7130
7672	7131
245	7132
1634	7133
2885	7134
2116	7135
8580	7136
1247	7137
761	7138
4879	7139
6732	7140
5356	7141
4323	7142
9598	7143
3014	7144
2782	7145
4456	7146
3428	7147
3895	7148
6608	7149
7827	7150
8333	7151
6794	7152
3227	7153
8018	7154
5347	7155
5529	7156
5124	7157
4345	7158
9244	7159
8067	7160
6938	7161
2486	7162
6521	7163
1536	7164
7555	7165
5112	7166
3433	7167
796	7168
3298	7169
9467	7170
7832	7171
5049	7172
2733	7173
2471	7174
3444	7175
8806	7176
3114	7177
386	7178
1440	7179
8736	7180
431	7181
3534	7182
7339	7183
9514	7184
7304	7185
4533	7186
2631	7187
6078	7188
3304	7189
9494	7190
9070	7191
843	7192
9592	7193
3500	7194
6068	7195
8808	7196
7307	7197
6130	7198
7819	7199
8216	7200
1742	7201
862	7202
5441	7203
2503	7204
8032	7205
9110	7206
6843	7207
8783	7208
3753	7209
2750	7210
6885	7211
5418	7212
3840	7213
62	7214
6720	7215
7516	7216
6002	7217
8906	7218
65	7219
8322	7220
4874	7221
8849	7222
7319	7223
2491	7224
86	7225
8376	7226
3707	7227
4149	7228
4704	7229
9521	7230
7136	7231
5113	7232
3314	7233
7848	7234
342	7235
3863	7236
1987	7237
4530	7238
7166	7239
1633	7240
6779	7241
6399	7242
530	7243
7330	7244
4716	7245
839	7246
5015	7247
3809	7248
7972	7249
4945	7250
6120	7251
5444	7252
92	7253
888	7254
278	7255
7764	7256
7069	7257
3245	7258
9376	7259
3462	7260
3135	7261
6660	7262
9160	7263
7831	7264
6675	7265
7051	7266
2136	7267
1019	7268
4036	7269
4517	7270
3277	7271
6196	7272
4079	7273
9302	7274
9222	7275
8749	7276
6649	7277
6284	7278
1453	7279
7349	7280
8226	7281
6905	7282
8441	7283
9837	7284
3682	7285
4054	7286
4361	7287
3451	7288
9194	7289
4844	7290
4797	7291
4946	7292
8451	7293
8156	7294
4761	7295
14	7296
3933	7297
510	7298
3345	7299
5472	7300
3935	7301
710	7302
7684	7303
2490	7304
1186	7305
9719	7306
6575	7307
3466	7308
4181	7309
7637	7310
4938	7311
3045	7312
6106	7313
3074	7314
5305	7315
1347	7316
72	7317
2389	7318
4254	7319
4251	7320
2809	7321
4108	7322
2419	7323
5153	7324
3541	7325
6587	7326
2526	7327
6304	7328
6005	7329
2135	7330
6509	7331
2353	7332
481	7333
3633	7334
8829	7335
1906	7336
6758	7337
9396	7338
5386	7339
1362	7340
4256	7341
4011	7342
9340	7343
8717	7344
8393	7345
5205	7346
3326	7347
468	7348
592	7349
7195	7350
6234	7351
7278	7352
6425	7353
7582	7354
9615	7355
9871	7356
7578	7357
8794	7358
159	7359
3229	7360
7189	7361
9003	7362
754	7363
6889	7364
1901	7365
704	7366
4078	7367
4357	7368
3944	7369
4794	7370
2112	7371
7199	7372
4358	7373
5009	7374
3209	7375
9455	7376
8257	7377
6968	7378
4042	7379
5649	7380
712	7381
1625	7382
8977	7383
2706	7384
2927	7385
5931	7386
7007	7387
3018	7388
8287	7389
5483	7390
9469	7391
5051	7392
5059	7393
1689	7394
2467	7395
3542	7396
8819	7397
80	7398
690	7399
4334	7400
6906	7401
4193	7402
2054	7403
9865	7404
2852	7405
6155	7406
1465	7407
7249	7408
4885	7409
9610	7410
8360	7411
6981	7412
116	7413
3063	7414
4624	7415
741	7416
597	7417
5181	7418
9256	7419
180	7420
2334	7421
5360	7422
4444	7423
7191	7424
7354	7425
5530	7426
8997	7427
3804	7428
5741	7429
4513	7430
8760	7431
3043	7432
4123	7433
4697	7434
6816	7435
6244	7436
7823	7437
6043	7438
281	7439
8976	7440
8422	7441
586	7442
9163	7443
3718	7444
4417	7445
9718	7446
6003	7447
9306	7448
490	7449
3398	7450
5398	7451
9006	7452
8268	7453
5217	7454
7502	7455
4857	7456
8566	7457
1108	7458
9395	7459
7732	7460
8903	7461
5358	7462
5913	7463
6455	7464
7491	7465
3833	7466
8661	7467
5429	7468
4268	7469
1363	7470
3265	7471
7644	7472
6220	7473
4928	7474
4940	7475
133	7476
4013	7477
2496	7478
5154	7479
7780	7480
9708	7481
9538	7482
6939	7483
8222	7484
4998	7485
5634	7486
6322	7487
8801	7488
8479	7489
8455	7490
1117	7491
9776	7492
906	7493
3620	7494
4552	7495
5243	7496
9389	7497
3015	7498
5884	7499
4318	7500
4545	7501
3883	7502
5944	7503
343	7504
9151	7505
426	7506
6952	7507
1691	7508
7451	7509
6532	7510
8111	7511
3869	7512
7666	7513
1837	7514
7135	7515
4811	7516
140	7517
6737	7518
8824	7519
1024	7520
5697	7521
2700	7522
608	7523
6542	7524
7553	7525
9545	7526
4916	7527
9526	7528
9165	7529
5622	7530
7727	7531
6518	7532
8762	7533
5991	7534
9332	7535
1267	7536
255	7537
1618	7538
9800	7539
7971	7540
821	7541
4591	7542
81	7543
5107	7544
5936	7545
2115	7546
7631	7547
3947	7548
7661	7549
1667	7550
6595	7551
3931	7552
8584	7553
6578	7554
3524	7555
6810	7556
8644	7557
8848	7558
7235	7559
5669	7560
9539	7561
8197	7562
6402	7563
1391	7564
8298	7565
7671	7566
3344	7567
9785	7568
378	7569
4633	7570
2708	7571
1265	7572
1069	7573
4962	7574
9511	7575
8006	7576
6038	7577
7601	7578
6753	7579
5028	7580
4586	7581
975	7582
6454	7583
7858	7584
6029	7585
4521	7586
2585	7587
9732	7588
7337	7589
7420	7590
4317	7591
339	7592
2191	7593
8444	7594
4400	7595
5518	7596
3740	7597
5001	7598
7763	7599
2489	7600
5036	7601
4558	7602
9272	7603
2065	7604
8428	7605
1194	7606
5313	7607
6907	7608
4353	7609
525	7610
4009	7611
9380	7612
995	7613
5311	7614
2522	7615
1949	7616
9556	7617
9028	7618
9479	7619
9627	7620
1005	7621
2406	7622
5127	7623
2006	7624
3729	7625
5307	7626
2957	7627
1609	7628
7604	7629
8827	7630
7586	7631
5755	7632
8955	7633
3911	7634
9858	7635
7609	7636
6055	7637
6404	7638
908	7639
8097	7640
6772	7641
3266	7642
4574	7643
2507	7644
1200	7645
351	7646
4324	7647
6387	7648
7711	7649
4237	7650
3328	7651
559	7652
458	7653
1657	7654
695	7655
8096	7656
5163	7657
1396	7658
2692	7659
6585	7660
9386	7661
232	7662
6151	7663
4971	7664
2825	7665
7333	7666
415	7667
5384	7668
9692	7669
4037	7670
7546	7671
8496	7672
1282	7673
3848	7674
1588	7675
8055	7676
2980	7677
2751	7678
1744	7679
8568	7680
4589	7681
5536	7682
1475	7683
511	7684
8009	7685
85	7686
149	7687
7603	7688
8464	7689
9226	7690
111	7691
5758	7692
2347	7693
1659	7694
2368	7695
4927	7696
7010	7697
1671	7698
9876	7699
1305	7700
7638	7701
651	7702
7537	7703
5674	7704
3579	7705
4434	7706
1701	7707
7156	7708
5892	7709
1557	7710
4272	7711
4089	7712
2007	7713
4632	7714
3231	7715
902	7716
7563	7717
3248	7718
5464	7719
9032	7720
8951	7721
1999	7722
1626	7723
3818	7724
3757	7725
4824	7726
5348	7727
7481	7728
7525	7729
8666	7730
9470	7731
556	7732
7686	7733
4814	7734
7378	7735
1485	7736
7207	7737
9284	7738
5711	7739
767	7740
2437	7741
6015	7742
1042	7743
1401	7744
228	7745
6321	7746
2721	7747
3914	7748
1048	7749
2030	7750
6168	7751
9354	7752
8528	7753
3422	7754
1542	7755
2274	7756
5996	7757
3261	7758
6339	7759
5707	7760
6973	7761
7770	7762
1348	7763
4667	7764
7091	7765
8954	7766
9106	7767
207	7768
4428	7769
7020	7770
5786	7771
4329	7772
222	7773
7701	7774
34	7775
8709	7776
3005	7777
5694	7778
8800	7779
3338	7780
5228	7781
3450	7782
384	7783
1249	7784
3495	7785
17	7786
1096	7787
2319	7788
8269	7789
5359	7790
3507	7791
7131	7792
2539	7793
3679	7794
5258	7795
5902	7796
3430	7797
9382	7798
1527	7799
929	7800
652	7801
3839	7802
6437	7803
5087	7804
6008	7805
1256	7806
2284	7807
962	7808
1428	7809
6333	7810
8361	7811
2149	7812
4	7813
3891	7814
2209	7815
1648	7816
6440	7817
5773	7818
2483	7819
4450	7820
8878	7821
9684	7822
430	7823
2536	7824
413	7825
2983	7826
1767	7827
9609	7828
6673	7829
6061	7830
8900	7831
7906	7832
5556	7833
7426	7834
3889	7835
2869	7836
8659	7837
1314	7838
3598	7839
2063	7840
2683	7841
9311	7842
4140	7843
6912	7844
2417	7845
3072	7846
6097	7847
321	7848
520	7849
9586	7850
99	7851
3198	7852
7216	7853
9154	7854
2574	7855
5017	7856
7665	7857
2454	7858
5840	7859
2811	7860
2580	7861
205	7862
498	7863
2831	7864
8482	7865
1833	7866
4848	7867
119	7868
6254	7869
9688	7870
5954	7871
5516	7872
5732	7873
5570	7874
6818	7875
817	7876
1205	7877
6770	7878
7038	7879
9528	7880
2475	7881
1838	7882
2498	7883
1097	7884
3090	7885
3923	7886
4975	7887
4046	7888
7	7889
3281	7890
2564	7891
4673	7892
8784	7893
5426	7894
5259	7895
5978	7896
5293	7897
681	7898
9867	7899
7075	7900
751	7901
998	7902
2971	7903
685	7904
4768	7905
3028	7906
6829	7907
654	7908
2463	7909
1844	7910
7225	7911
4690	7912
9258	7913
301	7914
8836	7915
314	7916
1573	7917
9325	7918
3510	7919
4731	7920
8124	7921
412	7922
2203	7923
629	7924
6089	7925
1960	7926
8913	7927
3980	7928
4696	7929
6123	7930
4101	7931
6954	7932
9297	7933
2044	7934
358	7935
9092	7936
8601	7937
8042	7938
7377	7939
940	7940
7266	7941
8630	7942
6825	7943
1161	7944
7817	7945
206	7946
103	7947
26	7948
2025	7949
6988	7950
8688	7951
6963	7952
2986	7953
2321	7954
4836	7955
6795	7956
3030	7957
7109	7958
3268	7959
4225	7960
6142	7961
4610	7962
3145	7963
1927	7964
6210	7965
6277	7966
588	7967
1577	7968
8078	7969
90	7970
9308	7971
805	7972
6999	7973
2619	7974
5667	7975
2485	7976
4901	7977
2508	7978
2848	7979
7043	7980
7178	7981
4336	7982
8797	7983
1270	7984
9134	7985
1015	7986
7288	7987
4683	7988
4710	7989
4457	7990
5635	7991
7336	7992
2451	7993
4033	7994
5317	7995
7430	7996
6261	7997
4021	7998
993	7999
813	8000
2789	8001
9360	8002
9734	8003
7559	8004
3420	8005
1297	8006
7344	8007
6662	8008
265	8009
8492	8010
1110	8011
626	8012
1448	8013
7357	8014
850	8015
33	8016
89	8017
9562	8018
799	8019
4201	8020
1572	8021
8721	8022
1800	8023
4056	8024
4157	8025
204	8026
1113	8027
6188	8028
4224	8029
6900	8030
7113	8031
4691	8032
5166	8033
33	8034
2670	8035
137	8036
7484	8037
5998	8038
6903	8039
6644	8040
1757	8041
5947	8042
9102	8043
9868	8044
6728	8045
2253	8046
5239	8047
7246	8048
1156	8049
2005	8050
9425	8051
1581	8052
3027	8053
184	8054
9832	8055
5251	8056
5151	8057
1262	8058
3226	8059
5485	8060
4584	8061
3089	8062
972	8063
2316	8064
2696	8065
2018	8066
8561	8067
1274	8068
2324	8069
6340	8070
4839	8071
7768	8072
3471	8073
9435	8074
5499	8075
507	8076
4706	8077
4721	8078
6216	8079
4111	8080
8990	8081
3214	8082
6874	8083
1472	8084
377	8085
4707	8086
2697	8087
5969	8088
6397	8089
3061	8090
4257	8091
3763	8092
7437	8093
1175	8094
1470	8095
3238	8096
4999	8097
5560	8098
2931	8099
9811	8100
9397	8101
2989	8102
3395	8103
442	8104
7108	8105
3584	8106
772	8107
3305	8108
7891	8109
4917	8110
2009	8111
4374	8112
9472	8113
7049	8114
5443	8115
7667	8116
6579	8117
6211	8118
6654	8119
5793	8120
3132	8121
3884	8122
7950	8123
3163	8124
7355	8125
4793	8126
2602	8127
6801	8128
5337	8129
5016	8130
8352	8131
4560	8132
6593	8133
2453	8134
3627	8135
3256	8136
8776	8137
55	8138
4248	8139
7643	8140
4430	8141
1758	8142
4172	8143
873	8144
8175	8145
8884	8146
2469	8147
2736	8148
5283	8149
5421	8150
1868	8151
3665	8152
1441	8153
8967	8154
2041	8155
7656	8156
110	8157
128	8158
9113	8159
7462	8160
3996	8161
9159	8162
2250	8163
907	8164
3448	8165
4044	8166
7729	8167
9307	8168
8959	8169
3250	8170
2145	8171
3202	8172
8974	8173
4866	8174
539	8175
216	8176
7492	8177
5103	8178
8485	8179
8435	8180
5595	8181
668	8182
3532	8183
8179	8184
9431	8185
1765	8186
1548	8187
8374	8188
5459	8189
2432	8190
401	8191
5932	8192
824	8193
8020	8194
2559	8195
2608	8196
1582	8197
4231	8198
4606	8199
4570	8200
7403	8201
8457	8202
4029	8203
4166	8204
5168	8205
5823	8206
6408	8207
3414	8208
2995	8209
4396	8210
4148	8211
8463	8212
5086	8213
4375	8214
9350	8215
5167	8216
7373	8217
8489	8218
4719	8219
5858	8220
5320	8221
2888	8222
5446	8223
8684	8224
6674	8225
6870	8226
7507	8227
825	8228
2824	8229
2424	8230
5660	8231
4686	8232
9638	8233
8430	8234
5050	8235
4663	8236
9348	8237
1198	8238
2264	8239
1068	8240
1704	8241
1466	8242
154	8243
9527	8244
891	8245
9192	8246
6021	8247
2949	8248
8187	8249
5410	8250
6258	8251
2979	8252
8887	8253
605	8254
4771	8255
6993	8256
2034	8257
4978	8258
4573	8259
8332	8260
836	8261
6610	8262
3613	8263
1967	8264
4097	8265
5056	8266
406	8267
5965	8268
9408	8269
7371	8270
8807	8271
203	8272
6405	8273
2730	8274
7926	8275
2754	8276
9559	8277
2596	8278
3574	8279
6379	8280
2339	8281
7279	8282
7513	8283
8989	8284
4832	8285
684	8286
5897	8287
7681	8288
4893	8289
6368	8290
8828	8291
3560	8292
9349	8293
8452	8294
6716	8295
1423	8296
3481	8297
8596	8298
231	8299
9773	8300
6147	8301
9561	8302
9440	8303
8165	8304
3110	8305
7292	8306
8285	8307
1203	8308
1507	8309
9182	8310
9524	8311
7898	8312
8664	8313
7813	8314
6064	8315
1372	8316
8510	8317
783	8318
8755	8319
7522	8320
6975	8321
2329	8322
6526	8323
8980	8324
861	8325
1819	8326
8063	8327
9245	8328
4674	8329
9585	8330
9717	8331
1849	8332
5893	8333
6852	8334
5827	8335
1937	8336
2911	8337
8499	8338
8071	8339
7033	8340
3026	8341
4128	8342
2301	8343
6643	8344
4549	8345
7025	8346
8631	8347
5237	8348
1395	8349
937	8350
7753	8351
6863	8352
1100	8353
9464	8354
3690	8355
9547	8356
3523	8357
6887	8358
8633	8359
8417	8360
187	8361
7778	8362
8885	8363
427	8364
3873	8365
9693	8366
3852	8367
9171	8368
8104	8369
3529	8370
1280	8371
2637	8372
4012	8373
6868	8374
7806	8375
6589	8376
925	8377
5688	8378
4351	8379
9147	8380
1944	8381
9252	8382
3443	8383
5038	8384
7676	8385
1405	8386
2617	8387
7211	8388
7262	8389
4314	8390
8821	8391
959	8392
7981	8393
6828	8394
7980	8395
5266	8396
5952	8397
79	8398
4100	8399
6131	8400
8425	8401
5106	8402
3974	8403
2936	8404
6908	8405
8276	8406
1694	8407
5465	8408
2462	8409
9273	8410
47	8411
8957	8412
2075	8413
77	8414
4747	8415
7026	8416
8077	8417
7983	8418
2398	8419
7236	8420
3533	8421
1431	8422
1698	8423
8201	8424
1118	8425
7215	8426
5419	8427
4728	8428
2636	8429
2445	8430
5477	8431
8524	8432
9860	8433
4367	8434
4853	8435
4322	8436
5750	8437
9013	8438
6324	8439
2546	8440
665	8441
4478	8442
6657	8443
5854	8444
8191	8445
4053	8446
3970	8447
15	8448
8443	8449
7237	8450
5937	8451
2170	8452
1715	8453
961	8454
6412	8455
7415	8456
1814	8457
21	8458
370	8459
9795	8460
6006	8461
88	8462
2458	8463
3612	8464
9746	8465
4229	8466
2542	8467
6047	8468
109	8469
2185	8470
5115	8471
2377	8472
5035	8473
3452	8474
8791	8475
6631	8476
8382	8477
8450	8478
4130	8479
615	8480
9020	8481
3297	8482
2108	8483
3052	8484
8354	8485
4828	8486
5130	8487
631	8488
7978	8489
8944	8490
1392	8491
3387	8492
1741	8493
1479	8494
6256	8495
1897	8496
9359	8497
3687	8498
1628	8499
9418	8500
9466	8501
8854	8502
8236	8503
101	8504
3411	8505
4362	8506
8024	8507
6092	8508
2734	8509
2384	8510
4114	8511
7260	8512
2646	8513
4724	8514
6283	8515
6046	8516
954	8517
1426	8518
5624	8519
272	8520
7579	8521
4316	8522
1	8523
7409	8524
9475	8525
3696	8526
3888	8527
4991	8528
5757	8529
2080	8530
2182	8531
7219	8532
1306	8533
8140	8534
7164	8535
4964	8536
5988	8537
9445	8538
3734	8539
6541	8540
5126	8541
7743	8542
42	8543
982	8544
7610	8545
6086	8546
9002	8547
3492	8548
9664	8549
9669	8550
970	8551
1702	8552
7866	8553
7952	8554
2970	8555
6945	8556
1998	8557
4136	8558
6497	8559
5987	8560
5617	8561
1610	8562
4906	8563
1031	8564
7346	8565
7130	8566
3389	8567
4022	8568
4186	8569
9612	8570
9823	8571
5396	8572
1047	8573
3092	8574
2577	8575
5369	8576
6523	8577
4758	8578
812	8579
6231	8580
1776	8581
5845	8582
3116	8583
5484	8584
3340	8585
7884	8586
4672	8587
6300	8588
1094	8589
1891	8590
7888	8591
2225	8592
6475	8593
9839	8594
3766	8595
9271	8596
6914	8597
9044	8598
2638	8599
6752	8600
8017	8601
8612	8602
1736	8603
5699	8604
3376	8605
6226	8606
875	8607
1389	8608
8073	8609
5301	8610
9153	8611
6840	8612
5480	8613
723	8614
2713	8615
6551	8616
4714	8617
4429	8618
4356	8619
8498	8620
8902	8621
2578	8622
4449	8623
7126	8624
4383	8625
7042	8626
2492	8627
3653	8628
8050	8629
271	8630
9265	8631
6432	8632
5606	8633
7077	8634
7204	8635
3748	8636
1642	8637
8227	8638
9098	8639
4464	8640
9492	8641
7233	8642
3680	8643
9454	8644
8290	8645
688	8646
939	8647
2719	8648
4522	8649
4539	8650
4134	8651
6853	8652
8606	8653
9083	8654
9754	8655
9118	8656
5018	8657
8714	8658
4550	8659
5405	8660
5779	8661
8223	8662
7572	8663
9742	8664
1795	8665
4469	8666
1288	8667
5378	8668
242	8669
3988	8670
7931	8671
2783	8672
6325	8673
593	8674
9603	8675
8497	8676
2947	8677
6004	8678
8040	8679
4830	8680
9260	8681
3902	8682
4764	8683
6624	8684
3936	8685
143	8686
1303	8687
9784	8688
2210	8689
1369	8690
9697	8691
4792	8692
7954	8693
6982	8694
9176	8695
3032	8696
4976	8697
5982	8698
4401	8699
6744	8700
9242	8701
2222	8702
479	8703
952	8704
4165	8705
7488	8706
3459	8707
4090	8708
2103	8709
5257	8710
4302	8711
3294	8712
2859	8713
9217	8714
1713	8715
7788	8716
2972	8717
107	8718
1036	8719
1528	8720
5081	8721
3301	8722
8905	8723
1397	8724
2394	8725
3295	8726
6639	8727
499	8728
6366	8729
4900	8730
1325	8731
1342	8732
485	8733
161	8734
6520	8735
1772	8736
8357	8737
9087	8738
5289	8739
5457	8740
7127	8741
4409	8742
8271	8743
3731	8744
4059	8745
5994	8746
8529	8747
5772	8748
7773	8749
7081	8750
6925	8751
3275	8752
8731	8753
9219	8754
3413	8755
7144	8756
29	8757
5514	8758
9483	8759
3835	8760
9666	8761
261	8762
8429	8763
6478	8764
7141	8765
2801	8766
443	8767
3399	8768
6338	8769
3906	8770
5082	8771
1639	8772
250	8773
2361	8774
6786	8775
2257	8776
8667	8777
492	8778
7607	8779
6171	8780
5223	8781
552	8782
5693	8783
7397	8784
8668	8785
748	8786
2597	8787
2555	8788
2081	8789
8283	8790
3210	8791
9453	8792
1721	8793
974	8794
4601	8795
5577	8796
2990	8797
2083	8798
6545	8799
7533	8800
6439	8801
5717	8802
8716	8803
1720	8804
5271	8805
8833	8806
1895	8807
8703	8808
9486	8809
9724	8810
2664	8811
4664	8812
8651	8813
1494	8814
7187	8815
1894	8816
3335	8817
5231	8818
1597	8819
6529	8820
6287	8821
4407	8822
338	8823
7442	8824
2183	8825
2196	8826
2428	8827
8795	8828
6191	8829
8919	8830
9145	8831
9516	8832
1484	8833
9874	8834
6444	8835
2872	8836
7360	8837
3816	8838
787	8839
5287	8840
4829	8841
5440	8842
7140	8843
2443	8844
7335	8845
7545	8846
5521	8847
4283	8848
402	8849
8367	8850
2530	8851
5194	8852
6882	8853
3728	8854
1284	8855
173	8856
2326	8857
4772	8858
9414	8859
3280	8860
1866	8861
9168	8862
244	8863
4619	8864
3183	8865
3797	8866
7298	8867
6775	8868
7785	8869
1851	8870
335	8871
3521	8872
3308	8873
2371	8874
3077	8875
1953	8876
1995	8877
4551	8878
9201	8879
7316	8880
4219	8881
8081	8882
6538	8883
5131	8884
7093	8885
4204	8886
1279	8887
8387	8888
114	8889
2140	8890
1611	8891
726	8892
4925	8893
1088	8894
6138	8895
5078	8896
9059	8897
5157	8898
6799	8899
3313	8900
5331	8901
2167	8902
8021	8903
4670	8904
76	8905
2267	8906
5942	8907
5976	8908
6699	8909
3825	8910
1266	8911
194	8912
6776	8913
2493	8914
235	8915
1641	8916
3695	8917
4840	8918
9388	8919
7958	8920
3567	8921
408	8922
609	8923
1016	8924
1847	8925
856	8926
2676	8927
8562	8928
1133	8929
7593	8930
1544	8931
5668	8932
9606	8933
8186	8934
2199	8935
2632	8936
7752	8937
5575	8938
7642	8939
5645	8940
6929	8941
4636	8942
7382	8943
3476	8944
8945	8945
5353	8946
4956	8947
5790	8948
3632	8949
3646	8950
32	8951
9107	8952
233	8953
8038	8954
8669	8955
1223	8956
2535	8957
4061	8958
1712	8959
6355	8960
2916	8961
2973	8962
4837	8963
7959	8964
827	8965
6459	8966
872	8967
5295	8968
6146	8969
6219	8970
6567	8971
8396	8972
4359	8973
296	8974
9870	8975
7922	8976
3334	8977
1631	8978
9643	8979
1620	8980
8137	8981
2233	8982
1120	8983
3922	8984
7708	8985
1293	8986
9576	8987
4093	8988
6274	8989
9705	8990
4070	8991
1917	8992
6282	8993
1513	8994
294	8995
2877	8996
6798	8997
5676	8998
6616	8999
3088	9000
622	9001
8146	9002
4343	9003
8553	9004
532	9005
8815	9006
5404	9007
8547	9008
2386	9009
7438	9010
6641	9011
97	9012
7797	9013
4650	9014
9033	9015
7678	9016
7530	9017
6648	9018
7704	9019
5844	9020
258	9021
9320	9022
7663	9023
7222	9024
1406	9025
5870	9026
8079	9027
2434	9028
8084	9029
4271	9030
3479	9031
5011	9032
8408	9033
9623	9034
4890	9035
971	9036
8405	9037
5334	9038
4352	9039
1107	9040
95	9041
2813	9042
5769	9043
8315	9044
1018	9045
6741	9046
9257	9047
6781	9048
4875	9049
9577	9050
1815	9051
2008	9052
3129	9053
9021	9054
9281	9055
3406	9056
2940	9057
2051	9058
9596	9059
3561	9060
1278	9061
8054	9062
463	9063
1437	9064
793	9065
6450	9066
6533	9067
8527	9068
3017	9069
6546	9070
8159	9071
7744	9072
2283	9073
5340	9074
5062	9075
7974	9076
7976	9077
9739	9078
2272	9079
6054	9080
2128	9081
2017	9082
3602	9083
8280	9084
94	9085
7975	9086
6808	9087
3436	9088
3002	9089
4309	9090
7206	9091
2120	9092
7321	9093
5136	9094
2241	9095
3829	9096
4220	9097
2991	9098
1308	9099
5109	9100
1292	9101
2543	9102
5312	9103
8520	9104
7599	9105
8242	9106
1324	9107
7640	9108
989	9109
6658	9110
2019	9111
6177	9112
8112	9113
4781	9114
8673	9115
7041	9116
4366	9117
3070	9118
8788	9119
6070	9120
6434	9121
1151	9122
4106	9123
6464	9124
9387	9125
1419	9126
5481	9127
1499	9128
2114	9129
7275	9130
2043	9131
6237	9132
3565	9133
52	9134
2774	9135
9122	9136
7551	9137
750	9138
5880	9139
1	9140
197	9141
6563	9142
8190	9143
7332	9144
8057	9145
2900	9146
1756	9147
9691	9148
7436	9149
3361	9150
6650	9151
5956	9152
2405	9153
2378	9154
3890	9155
8691	9156
5303	9157
6565	9158
7774	9159
5541	9160
6886	9161
9290	9162
2517	9163
2122	9164
3066	9165
6190	9166
8420	9167
8473	9168
7002	9169
4907	9170
4897	9171
4081	9172
2765	9173
2728	9174
7472	9175
3719	9176
3685	9177
2942	9178
8061	9179
4953	9180
7175	9181
6946	9182
6119	9183
6206	9184
6019	9185
7903	9186
6766	9187
3585	9188
5744	9189
3278	9190
1969	9191
3915	9192
693	9193
6153	9194
67	9195
9855	9196
9305	9197
1216	9198
5522	9199
2598	9200
69	9201
3519	9202
9512	9203
5202	9204
6351	9205
9333	9206
5802	9207
3831	9208
9722	9209
4092	9210
6045	9211
3249	9212
5808	9213
9701	9214
1309	9215
9119	9216
9162	9217
5290	9218
8671	9219
1445	9220
2072	9221
5730	9222
2096	9223
6294	9224
25	9225
8728	9226
3130	9227
3842	9228
5651	9229
6923	9230
5682	9231
1600	9232
816	9233
5510	9234
7142	9235
7301	9236
8002	9237
6137	9238
848	9239
6411	9240
2328	9241
3697	9242
7580	9243
2401	9244
8346	9245
9569	9246
4104	9247
3236	9248
2208	9249
7063	9250
5061	9251
5871	9252
2035	9253
6684	9254
9660	9255
9756	9256
4402	9257
7927	9258
9736	9259
4609	9260
6582	9261
1662	9262
151	9263
6771	9264
1857	9265
6522	9266
3504	9267
4048	9268
7565	9269
1130	9270
5198	9271
2584	9272
8365	9273
3961	9274
2276	9275
7120	9276
6844	9277
2570	9278
6212	9279
7937	9280
3741	9281
1956	9282
6317	9283
6767	9284
3860	9285
1808	9286
6743	9287
8946	9288
6472	9289
6845	9290
9529	9291
8550	9292
6941	9293
1933	9294
2311	9295
77	9296
9277	9297
4112	9298
3391	9299
6983	9300
7459	9301
1092	9302
5737	9303
2408	9304
1604	9305
3259	9306
1687	9307
5687	9308
7009	9309
9276	9310
3793	9311
4406	9312
4910	9313
7659	9314
1699	9315
5097	9316
1565	9317
9574	9318
4190	9319
544	9320
6051	9321
2133	9322
4770	9323
2064	9324
1316	9325
4026	9326
9267	9327
1299	9328
1044	9329
9499	9330
2827	9331
1027	9332
5463	9333
18	9334
7973	9335
8491	9336
1709	9337
4526	9338
9452	9339
3575	9340
8033	9341
6374	9342
2606	9343
2745	9344
2031	9345
768	9346
5714	9347
1976	9348
9619	9349
521	9350
6175	9351
9314	9352
5467	9353
3701	9354
8892	9355
5833	9356
6596	9357
9363	9358
711	9359
1001	9360
6742	9361
1785	9362
5495	9363
5712	9364
4911	9365
8158	9366
8324	9367
1179	9368
469	9369
922	9370
2861	9371
1095	9372
2055	9373
655	9374
2336	9375
3386	9376
1252	9377
1053	9378
729	9379
5767	9380
6715	9381
3171	9382
4541	9383
2996	9384
4884	9385
1942	9386
2741	9387
8557	9388
7709	9389
3955	9390
115	9391
9010	9392
957	9393
6460	9394
1924	9395
8647	9396
792	9397
1774	9398
7712	9399
2984	9400
3963	9401
9761	9402
9040	9403
2887	9404
1066	9405
6481	9406
3783	9407
1551	9408
126	9409
3175	9410
8575	9411
1547	9412
8712	9413
7065	9414
8542	9415
5114	9416
5573	9417
8228	9418
9442	9419
9555	9420
8763	9421
2465	9422
1621	9423
4320	9424
3594	9425
1975	9426
897	9427
3951	9428
2729	9429
8262	9430
2089	9431
4453	9432
2624	9433
4665	9434
9509	9435
1276	9436
3101	9437
930	9438
917	9439
6683	9440
9334	9441
2534	9442
800	9443
7693	9444
9316	9445
8224	9446
9689	9447
2575	9448
9381	9449
8284	9450
5946	9451
1569	9452
9430	9453
8870	9454
3661	9455
9236	9456
1719	9457
5838	9458
9495	9459
1215	9460
8915	9461
9198	9462
8296	9463
4235	9464
985	9465
2635	9466
7379	9467
4379	9468
2796	9469
1524	9470
4144	9471
3262	9472
8803	9473
6985	9474
2755	9475
7776	9476
3392	9477
4547	9478
4483	9479
5928	9480
1666	9481
7639	9482
855	9483
8519	9484
168	9485
85	9486
2903	9487
8733	9488
1910	9489
7345	9490
1418	9491
1410	9492
5663	9493
7739	9494
1183	9495
7648	9496
4437	9497
814	9498
8681	9499
404	9500
3224	9501
6359	9502
156	9503
941	9504
8176	9505
3465	9506
7650	9507
6796	9508
6931	9509
2823	9510
48	9511
5222	9512
8336	9513
5460	9514
5048	9515
4807	9516
1458	9517
7518	9518
2650	9519
8886	9520
5641	9521
4216	9522
4562	9523
6431	9524
4466	9525
8678	9526
9266	9527
2452	9528
6748	9529
6185	9530
4247	9531
1330	9532
4103	9533
8822	9534
125	9535
8862	9536
6207	9537
8994	9538
1134	9539
648	9540
8693	9541
2560	9542
1579	9543
7690	9544
3487	9545
7957	9546
8641	9547
3959	9548
4392	9549
810	9550
1400	9551
4986	9552
2159	9553
528	9554
6182	9555
5958	9556
3513	9557
1716	9558
6410	9559
8131	9560
7121	9561
3082	9562
1986	9563
4754	9564
7483	9565
1460	9566
3555	9567
262	9568
7320	9569
3713	9570
9426	9571
9203	9572
673	9573
801	9574
1188	9575
7074	9576
2819	9577
6417	9578
9760	9579
683	9580
5435	9581
9542	9582
4810	9583
3112	9584
9668	9585
2397	9586
1291	9587
1173	9588
5839	9589
5394	9590
8000	9591
7748	9592
1429	9593
2647	9594
4448	9595
5593	9596
6356	9597
3745	9598
4161	9599
2962	9600
3483	9601
9743	9602
7473	9603
8364	9604
7247	9605
2808	9606
5889	9607
3855	9608
5247	9609
488	9610
2281	9611
619	9612
62	9613
7245	9614
8578	9615
4749	9616
6943	9617
6827	9618
8345	9619
2343	9620
6201	9621
8981	9622
3778	9623
8403	9624
3593	9625
587	9626
3093	9627
8711	9628
5647	9629
1972	9630
6996	9631
5754	9632
7929	9633
8133	9634
9293	9635
2923	9636
5925	9637
6110	9638
2892	9639
78	9640
87	9641
7143	9642
4461	9643
2832	9644
8548	9645
7383	9646
2052	9647
2851	9648
5197	9649
8058	9650
8555	9651
2841	9652
5610	9653
886	9654
1840	9655
2532	9656
669	9657
1444	9658
977	9659
2586	9660
6866	9661
9274	9662
5490	9663
6501	9664
6197	9665
3956	9666
6511	9667
4592	9668
8586	9669
1060	9670
5381	9671
5613	9672
8743	9673
2302	9674
638	9675
6531	9676
3228	9677
1447	9678
3893	9679
8582	9680
2511	9681
4870	9682
7270	9683
4912	9684
3109	9685
6180	9686
6930	9687
1502	9688
1473	9689
1779	9690
9427	9691
9793	9692
1519	9693
2909	9694
6665	9695
1033	9696
5220	9697
73	9698
8036	9699
7913	9700
4277	9701
3591	9702
277	9703
2235	9704
5589	9705
8116	9706
9675	9707
7509	9708
6050	9709
4855	9710
12	9711
7856	9712
3485	9713
2449	9714
2307	9715
6406	9716
8719	9717
8516	9718
6079	9719
4639	9720
319	9721
4605	9722
4390	9723
5550	9724
5856	9725
4474	9726
7568	9727
3850	9728
9535	9729
3578	9730
7399	9731
2711	9732
4344	9733
4798	9734
1540	9735
7620	9736
7428	9737
2740	9738
8844	9739
5809	9740
9172	9741
8015	9742
8136	9743
6933	9744
2161	9745
8265	9746
6194	9747
9358	9748
7309	9749
6316	9750
7149	9751
3157	9752
99	9753
8121	9754
9202	9755
227	9756
1065	9757
579	9758
9094	9759
9	9760
1945	9761
2659	9762
6920	9763
7897	9764
39	9765
6599	9766
2820	9767
4642	9768
1892	9769
3978	9770
2106	9771
6028	9772
5977	9773
5983	9774
7784	9775
628	9776
2592	9777
5627	9778
19	9779
7240	9780
7186	9781
905	9782
708	9783
5587	9784
4753	9785
9411	9786
8782	9787
7268	9788
841	9789
965	9790
289	9791
7523	9792
2883	9793
7103	9794
4949	9795
1511	9796
8092	9797
9248	9798
9285	9799
4800	9800
2655	9801
5735	9802
3767	9803
522	9804
7596	9805
4203	9806
4623	9807
5883	9808
2442	9809
1328	9810
5574	9811
2047	9812
8825	9813
9413	9814
8113	9815
12	9816
1003	9817
868	9818
2318	9819
5908	9820
7812	9821
5959	9822
9404	9823
8294	9824
5433	9825
1312	9826
3271	9827
4499	9828
3083	9829
7626	9830
3162	9831
1812	9832
3217	9833
2593	9834
1157	9835
2963	9836
9587	9837
95	9838
1008	9839
3318	9840
6698	9841
4527	9842
212	9843
5971	9844
8646	9845
5173	9846
5743	9847
6228	9848
1578	9849
6580	9850
5238	9851
1874	9852
762	9853
973	9854
5227	9855
8378	9856
6099	9857
9525	9858
1176	9859
8594	9860
4282	9861
5203	9862
3812	9863
2882	9864
4308	9865
9346	9866
8379	9867
8595	9868
8677	9869
6628	9870
7962	9871
4300	9872
2769	9873
7591	9874
6556	9875
1858	9876
70	9877
5865	9878
4039	9879
2245	9880
8560	9881
1058	9882
2077	9883
3377	9884
5215	9885
3373	9886
3997	9887
1332	9888
8805	9889
4150	9890
3700	9891
1208	9892
8771	9893
671	9894
7423	9895
2717	9896
9814	9897
8999	9898
2395	9899
565	9900
7494	9901
6540	9902
5294	9903
5248	9904
2143	9905
7529	9906
1487	9907
9702	9908
9481	9909
3750	9910
1090	9911
5862	9912
5800	9913
3071	9914
1326	9915
6248	9916
4921	9917
7655	9918
2412	9919
6225	9920
4339	9921
3190	9922
165	9923
2999	9924
4769	9925
6276	9926
8865	9927
1836	9928
7966	9929
7688	9930
1913	9931
2876	9932
5876	9933
6723	9934
8035	9935
6014	9936
3096	9937
269	9938
2703	9939
1935	9940
1399	9941
6687	9942
2172	9943
8126	9944
49	9945
2662	9946
5683	9947
6461	9948
5658	9949
7876	9950
6591	9951
6293	9952
1154	9953
7036	9954
6880	9955
393	9956
5981	9957
8752	9958
5626	9959
3478	9960
5567	9961
6462	9962
3941	9963
8486	9964
135	9965
8708	9966
4735	9967
5392	9968
4259	9969
8480	9970
1380	9971
8689	9972
1022	9973
9696	9974
6331	9975
6957	9976
5454	9977
980	9978
3472	9979
7653	9980
1367	9981
721	9982
1835	9983
379	9984
8674	9985
3845	9986
2435	9987
7953	9988
8810	9989
8706	9990
1682	9991
7837	9992
5726	9993
7630	9994
5267	9995
7934	9996
8230	9997
2678	9998
2151	9999
3553	10000
